tree
version=v4
num_class=1
num_tree_per_iteration=1
label_index=0
max_feature_idx=5
objective=regression
feature_names=momentum_20d momentum_60d volatility_20d rsi_14 sma_ratio_20_50 volume_zscore_20d
feature_infos=[-0.29907436395059761:0.60088934495834301] [-0.35897435897435892:0.96072543807193078] [0.00327086568774219:0.068895100489795066] [15.827896689829046:89.066378299779956] [-0.1319665818880521:0.22495898100380951] [-3.1978879071841257:4.1870233893079734]
tree_sizes=1499 1539 1535 1519 1535 1535 1537 1543 1501 1539 1525 1555 1521 1522 1521 1523 1519 1534 1529 1516 1500 1524 1525 1522 1532 1520 1524 1520 1526 1511 1525 1523 1531 1532

Tree=0
num_leaves=15
num_cat=0
split_feature=0 0 2 4 2 4 5 2 2 2 3 0 2 2
split_gain=0.141788 0.0686517 0.0417911 0.0333612 0.0483602 0.0283259 0.0255556 0.0238722 0.0386986 0.0330201 0.0264196 0.0219864 0.0315545 0.0722377
threshold=-0.080603634442524538 0.18948319627922075 0.010463035342784739 -0.0074706737886572885 0.037473196045959771 0.033468844357473999 0.39860363885709454 0.039901445556907646 0.032694875324560772 0.030420256704137963 71.875056189427468 0.001783801681338071 0.020694877762198173 0.027834216109052526
decision_type=2 2 2 2 2 2 2 2 2 2 2 2 2 2
left_child=3 2 -2 4 6 -3 -1 8 9 -7 -9 -4 -13 -14
right_child=1 5 11 -5 -6 7 -8 10 -10 -11 -12 12 13 -15
leaf_value=0.0051112223968358926 0.0047994314481063652 0.005657595772456025 0.0049176318348870957 0.0049504135564383111 0.0061941343812649003 0.0049282488616181784 0.0054798053901523296 0.0056547769004501314 0.0043189535615197772 0.0057393307146328103 0.004935749709871852 0.0048252218542225314 0.0051059668638306121 0.0047178835756142394
leaf_weight=299 5711 38 2635 218 20 103 101 47 32 24 36 4349 511 306
leaf_count=299 5711 38 2635 218 20 103 101 47 32 24 36 4349 511 306
internal_value=0.00486046 0.00484697 0.00484053 0.00515171 0.00525573 0.00515638 0.0052056 0.00507472 0.00493016 0.00508719 0.00534752 0.00487063 0.00484665 0.00496062
internal_weight=14430 13792 13512 638 420 280 400 242 159 127 83 7801 5166 817
internal_count=14430 13792 13512 638 420 280 400 242 159 127 83 7801 5166 817
is_linear=0
shrinkage=1


Tree=1
num_leaves=15
num_cat=0
split_feature=0 0 2 4 2 2 2 2 4 5 3 5 0 4
split_gain=0.136235 0.0659959 0.0401541 0.0320608 0.0465635 0.027331 0.0255087 0.0580544 0.0486957 0.024558 0.0223053 0.0204693 0.0206106 0.036067
threshold=-0.080603634442524538 0.18948319627922075 0.01011575423422219 -0.0074706737886572885 0.037473196045959771 0.019664210831932375 0.032694875324560772 0.039901445556907646 0.034733943161319954 0.39860363885709454 71.875056189427468 -0.63878048541571208 -0.015272623280717488 -0.0041430658898664588
decision_type=2 2 2 2 2 2 2 2 2 2 2 2 2 2
left_child=3 2 -2 4 9 -3 8 -8 -7 -1 -9 -4 -13 -14
right_child=1 5 11 -5 -6 6 7 10 -10 -11 -12 12 13 -15
leaf_value=0.00024576286806162292 -6.2331816289844214e-05 -0.00030617419073158606 -4.2201094421038619e-05 8.8161660366814967e-05 0.0013082701233880863 0.0013945016587841447 -0.0004469666491414225 0.00071000141390370876 0.00036666394677013162 0.00060707892083811717 6.8083946151953001e-05 9.3412108665507818e-05 -9.9713443125307741e-05 3.7201272508910767e-05
leaf_weight=299 5316 27 2310 218 20 22 42 52 100 101 37 1452 990 3444
leaf_count=299 5316 27 2310 218 20 22 42 52 100 101 37 1452 990 3444
internal_value=6.13707e-09 -1.322e-05 -1.95275e-05 0.000285496 0.000387469 0.000290147 0.000354741 0.000159073 0.000561842 0.000338282 0.000446858 8.24002e-06 2.80398e-05 6.61609e-06
internal_weight=14430 13792 13512 638 420 280 253 131 122 400 89 8196 5886 4434
internal_count=14430 13792 13512 638 420 280 253 131 122 400 89 8196 5886 4434
is_linear=0
shrinkage=0.02


Tree=2
num_leaves=15
num_cat=0
split_feature=0 0 1 1 2 2 1 1 2 1 2 1 5 3
split_gain=0.130901 0.0634356 0.0542573 0.0416983 0.0469311 0.0407929 0.0395414 0.0290223 0.0327612 0.0241747 0.0282883 0.0428296 0.0586987 0.0491557
threshold=-0.080603634442524538 0.18948319627922075 0.29585174797420127 0.45717036911409475 0.010463035342784739 0.025003866516120733 -0.15474756482899746 0.7274139078997508 0.019664210831932375 -0.16963002616371894 0.020694877762198173 0.16852926141159622 -0.81112603609612954 54.736931980104949
decision_type=2 2 2 2 2 2 2 2 2 2 2 2 2 2
left_child=2 3 5 4 -2 6 -1 8 -3 -6 -11 -12 13 -13
right_child=1 7 -4 -5 9 -7 -8 -9 -10 10 11 12 -14 -15
leaf_value=0.00082937642931938174 -5.8671291622375765e-05 -0.00030026940703724645 -0.00072216103651693881 -0.0003411129782409788 -0.00042123102396726604 0.00053943466236241056 0.00013453331711218956 -0.0003422326291048968 0.00042800145951843118 4.5728432145376295e-06 2.455173386598303e-05 -0.001040501361823685 0.00041855721789247849 0.00012125539966897728
leaf_weight=35 5711 27 20 158 49 210 373 26 227 6550 689 20 288 47
leaf_count=35 5711 27 20 158 49 210 373 26 227 6550 689 20 288 47
internal_value=1.15085e-08 -1.29531e-05 0.000279857 -1.9137e-05 -1.53023e-05 0.000313399 0.000196022 0.000284472 0.000349713 1.71074e-05 1.99908e-05 0.000116625 0.000294755 -0.000235739
internal_weight=14430 13792 638 13512 13354 618 408 280 254 7643 7594 1044 355 67
internal_count=14430 13792 638 13512 13354 618 408 280 254 7643 7594 1044 355 67
is_linear=0
shrinkage=0.02


Tree=3
num_leaves=15
num_cat=0
split_feature=2 1 3 2 2 4 2 3 3 5 1 3 3 5
split_gain=0.0842057 0.046592 0.0965125 0.0547891 0.0497531 0.0439949 0.0415941 0.0519709 0.0401491 0.0385238 0.0751064 0.0380939 0.0369097 0.0521502
threshold=0.020486413163585345 0.42199305896742728 60.53858165853763 0.053082769574758368 0.039901445556907646 0.093897306312876641 0.010463035342784739 40.169977031703915 71.875056189427468 0.70423620722491698 0.20595771959174228 65.152329186354436 41.262946662497619 -1.1304197743852611
decision_type=2 2 2 2 2 2 2 2 2 2 2 2 2 2
left_child=6 3 5 9 -4 -3 -1 -8 -6 12 11 -11 13 -2
right_child=1 2 4 -5 8 -7 7 -9 -10 10 -12 -13 -14 -15
leaf_value=-5.7848229012209843e-05 0.0012729118324138903 -0.0010570525116921266 -0.00011110461665180708 0.0010490222913878305 0.00098003690153723819 -0.0002038130149818384 0.00017087520876074509 -4.3765034320302087e-06 4.898695062313761e-05 7.4526387357359958e-05 0.00097226756741292781 0.00092631504851548626 5.9055635188897583e-05 0.00024104280670471587
leaf_weight=5757 21 46 108 27 40 51 760 6121 34 170 63 23 1021 188
leaf_count=5757 21 46 108 27 40 51 760 6121 34 170 63 23 1021 188
internal_value=1.02708e-08 0.000128274 -0.000108907 0.000172054 0.000162763 -0.000615099 -1.81855e-05 1.50019e-05 0.000558614 0.000155425 0.000378213 0.000180286 0.000108786 0.000350291
internal_weight=14430 1792 279 1513 182 97 12638 6881 74 1486 256 193 1230 209
internal_count=14430 1792 279 1513 182 97 12638 6881 74 1486 256 193 1230 209
is_linear=0
shrinkage=0.02


Tree=4
num_leaves=15
num_cat=0
split_feature=0 0 1 2 4 2 1 4 2 2 1 4 0 0
split_gain=0.123379 0.0579009 0.0549367 0.0444105 0.042867 0.0480408 0.0389238 0.0514548 0.046345 0.0456704 0.0375973 0.0359207 0.0301524 0.0296841
threshold=-0.09627795566239826 0.18948319627922075 0.27150678665023281 0.053082769574758368 0.024754849678954475 0.037473196045959771 0.45717036911409475 0.088818838220498866 0.010463035342784739 0.044399306023773052 -0.16963002616371894 -0.056364694888447579 0.052481816255335774 -0.015272623280717488
decision_type=2 2 2 2 2 2 2 2 2 2 2 2 2 2
left_child=2 3 4 6 5 10 8 12 -2 13 11 -1 -8 -10
right_child=1 -3 -4 -5 -6 -7 7 -9 9 -11 -12 -13 -14 -15
leaf_value=0.0013492549955844879 -5.67619521104415e-05 0.00027425631496299629 -0.00063225261464884336 0.00088212243535301898 0.0012797665560529345 0.0012543453411622482 -0.0012728170311913408 -7.3170235084596083e-05 8.8015980532310582e-05 -0.0006829372612205711 0.00019471978982268224 0.00031235012141141025 -0.00029835854098200798 -1.4565403538899749e-06
leaf_weight=23 5731 280 21 21 20 21 28 106 1991 36 289 32 24 5807
leaf_count=23 5731 280 21 21 20 21 28 106 1991 36 289 32 24 5807
internal_value=1.6108e-08 -9.9456e-06 0.000343291 -1.5755e-05 0.000398003 0.000346322 -1.71932e-05 -0.000328301 -1.35456e-05 1.80727e-05 0.000287416 0.000762316 -0.000837182 2.13961e-05
internal_weight=14430 14024 406 13744 385 365 13723 158 13565 7834 344 55 52 7798
internal_count=14430 14024 406 13744 385 365 13723 158 13565 7834 344 55 52 7798
is_linear=0
shrinkage=0.02


Tree=5
num_leaves=15
num_cat=0
split_feature=0 0 1 2 4 2 1 4 2 2 1 4 0 0
split_gain=0.118621 0.0556165 0.0528452 0.0427298 0.0412643 0.0462394 0.0374323 0.0494937 0.0445081 0.0439088 0.036184 0.0345621 0.028997 0.0285092
threshold=-0.09627795566239826 0.18948319627922075 0.27150678665023281 0.053082769574758368 0.024754849678954475 0.037473196045959771 0.45717036911409475 0.088818838220498866 0.010463035342784739 0.044399306023773052 -0.16963002616371894 -0.056364694888447579 0.052481816255335774 -0.015272623280717488
decision_type=2 2 2 2 2 2 2 2 2 2 2 2 2 2
left_child=2 3 4 6 5 10 8 12 -2 13 11 -1 -8 -10
right_child=1 -3 -4 -5 -6 -7 7 -9 9 -11 -12 -13 -14 -15
leaf_value=0.0013233942414323488 -5.5626907639995672e-05 0.0002687907271962149 -0.0006201823591254652 0.00086528187448328187 0.0012553900826190198 0.0012303987551819193 -0.0012482386451728386 -7.1720501112046645e-05 8.6256547557025487e-05 -0.00066964770088324673 0.00019083884616928368 0.00030629240202181265 -0.00029263005740940573 -1.427412758712508e-06
leaf_weight=23 5731 280 21 21 20 21 28 106 1991 36 289 32 24 5807
leaf_count=23 5731 280 21 21 20 21 28 106 1991 36 289 32 24 5807
internal_value=1.94157e-08 -9.74832e-06 0.00033661 -1.5442e-05 0.00039027 0.000339566 -1.68527e-05 -0.000321942 -1.32757e-05 1.77097e-05 0.000281775 0.000747663 -0.000821032 2.09684e-05
internal_weight=14430 14024 406 13744 385 365 13723 158 13565 7834 344 55 52 7798
internal_count=14430 14024 406 13744 385 365 13723 158 13565 7834 344 55 52 7798
is_linear=0
shrinkage=0.02


Tree=6
num_leaves=15
num_cat=0
split_feature=0 0 1 2 1 1 4 2 4 0 1 2 1 2
split_gain=0.11442 0.0544408 0.048039 0.0360337 0.0369033 0.0356903 0.0476074 0.0397298 0.0281107 0.0278858 0.027849 0.0310158 0.0236185 0.0255638
threshold=-0.080603634442524538 0.18948319627922075 0.29585174797420127 0.025003866516120733 -0.15474756482899746 0.45717036911409475 0.088818838220498866 0.010662951909447998 0.020893286204661136 0.052481816255335774 0.7274139078997508 0.019664210831932375 -0.16963002616371894 0.020694877762198173
decision_type=2 2 2 2 2 2 2 2 2 2 2 2 2 2
left_child=2 5 3 4 -1 7 9 -2 -5 -7 11 -3 -9 -14
right_child=1 10 -4 8 -6 6 -8 12 -10 -11 -12 -13 13 -15
leaf_value=0.0007947368009222879 -5.2862136781286685e-05 -0.00030479082667235556 -0.00068116951911222372 0.00042605053889443269 0.0001235274199575664 -0.0012241347358915313 -7.0299490172172273e-05 -0.00041666294485330583 0.0012056428511139183 -0.00028701154664158822 -0.00035019227751979126 0.00040357148842048719 4.3637542761008937e-06 0.00011113919501870193
leaf_weight=35 5932 27 20 190 373 28 106 49 20 24 26 227 6329 1044
leaf_count=35 5932 27 20 190 373 28 106 49 20 24 26 227 6329 1044
internal_value=2.25843e-08 -1.20984e-05 0.000261658 0.000293221 0.000182909 -1.78272e-05 -0.000315706 -1.42794e-05 0.000505659 -0.000805192 0.000263434 0.000327373 1.65607e-05 1.94959e-05
internal_weight=14430 13792 638 618 408 13512 158 13354 210 52 280 254 7422 7373
internal_count=14430 13792 638 618 408 13512 158 13354 210 52 280 254 7422 7373
is_linear=0
shrinkage=0.02


Tree=7
num_leaves=15
num_cat=0
split_feature=0 0 1 2 2 1 2 2 1 3 0 1 2 3
split_gain=0.109966 0.0513071 0.0493815 0.0408298 0.0363315 0.0346095 0.0410622 0.0425026 0.0272389 0.0275226 0.0272069 0.0423598 0.048278 0.0334568
threshold=-0.09627795566239826 0.18948319627922075 0.27150678665023281 0.053082769574758368 0.037473196045959771 0.45717036911409475 0.010463035342784739 0.044399306023773052 -0.16963002616371894 31.20501370659272 -0.015272623280717488 -0.16963002616371894 0.020694877762198173 54.312970237713216
decision_type=2 2 2 2 2 2 2 2 2 2 2 2 2 2
left_child=2 3 4 5 8 6 -2 10 9 -1 -8 -12 -13 -14
right_child=1 -3 -4 -5 -6 -7 7 -9 -10 -11 11 12 13 -15
leaf_value=0.0011836621862042834 -5.3469815504810652e-05 0.00025814745933135634 -0.00060078204969282853 0.00084606861526315862 0.0010235645854845643 -0.00030959076945136931 8.3956334199457164e-05 -0.00065928998831156136 0.00023972093507957956 0.00028322303978105387 -0.00085830791488937714 -2.0842374555954999e-05 -7.0054215872968431e-05 0.00022921804007262098
leaf_weight=26 5731 280 21 21 31 158 1991 36 299 29 22 5021 203 561
leaf_count=26 5731 280 21 21 31 158 1991 36 299 29 22 5021 203 561
internal_value=2.1691e-08 -9.38294e-06 0.0003241 -1.48516e-05 0.000375974 -1.62306e-05 -1.27911e-05 1.69707e-05 0.00031654 0.000722421 2.01768e-05 -1.70145e-06 1.70395e-06 0.000149712
internal_weight=14430 14024 406 13744 385 13723 13565 7834 354 55 7798 5807 5785 764
internal_count=14430 14024 406 13744 385 13723 13565 7834 354 55 7798 5807 5785 764
is_linear=0
shrinkage=0.02


Tree=8
num_leaves=15
num_cat=0
split_feature=2 1 3 1 5 2 3 4 3 4 4 2 3 5
split_gain=0.070569 0.0401486 0.0826735 0.0509905 0.0631808 0.0454337 0.0416663 0.046724 0.0387152 0.038453 0.0377345 0.0372251 0.0360744 0.050708
threshold=0.020486413163585345 0.42199305896742728 60.53858165853763 0.20249086236086025 0.72466914902675239 0.039901445556907646 49.082377481472889 0.013501717866275189 71.875056189427468 -0.0011316760139045143 0.093897306312876641 0.026319428544588103 41.262946662497619 -1.1304197743852611
decision_type=2 2 2 2 2 2 2 2 2 2 2 2 2 2
left_child=-1 3 10 12 6 11 -5 9 -7 -8 -3 -4 13 -2
right_child=1 2 5 4 -6 8 7 -9 -10 -11 -12 -13 -14 -15
leaf_value=-1.6633969164932238e-05 0.0012093026411126961 -0.00098052807534955693 0.00030641449834850696 -0.00038244079580947166 0.00091599656179930801 0.00094082418749699519 0.0004107620851958499 0.00018681194491346195 2.7212662223194327e-05 0.0015241542495121913 -0.000190278530980532 -0.0004357704532242591 2.8180253562755686e-05 0.00020918749201822781
leaf_weight=12638 21 46 47 37 67 40 33 200 34 20 51 61 863 272
leaf_count=12638 21 46 47 37 67 40 33 200 34 20 51 61 863 272
internal_value=2.34407e-08 0.000117443 -0.000102725 0.000158083 0.000366697 0.000148723 0.000237078 0.000328828 0.000527016 0.000851355 -0.000571217 -0.000112935 9.33972e-05 0.000284738
internal_weight=14430 1792 279 1513 357 182 290 253 74 53 97 108 1156 293
internal_count=14430 1792 279 1513 357 182 290 253 74 53 97 108 1156 293
is_linear=0
shrinkage=0.02


Tree=9
num_leaves=15
num_cat=0
split_feature=0 0 2 4 2 4 5 2 2 2 3 5 0 4
split_gain=0.104757 0.0486863 0.0301032 0.0292206 0.0415414 0.0253341 0.0231057 0.0203472 0.0355609 0.0308706 0.0225731 0.0187877 0.0176571 0.0348262
threshold=-0.080603634442524538 0.18948319627922075 0.01011575423422219 -0.0074706737886572885 0.037473196045959771 0.033468844357473999 0.39860363885709454 0.039901445556907646 0.032694875324560772 0.030420256704137963 71.875056189427468 -0.63878048541571208 -0.015272623280717488 -0.01864549310181823
decision_type=2 2 2 2 2 2 2 2 2 2 2 2 2 2
left_child=3 2 -2 4 6 -3 -1 8 9 -7 -9 -4 -13 -14
right_child=1 5 11 -5 -6 7 -8 10 -10 -11 -12 12 13 -15
leaf_value=0.00021171766193583611 -5.4049251815323263e-05 0.00072273438199399367 -4.1269525548236963e-05 6.2108940687285712e-05 0.001217143391924245 3.5973660415038468e-05 0.00056187192945941994 0.00070771419307372229 -0.00054700874892825424 0.0008198278207331895 4.3910715880023465e-05 8.6531744076417223e-05 -0.0001554401794706761 2.5622177419331776e-05
leaf_weight=299 5316 38 2310 218 20 103 101 47 32 24 36 1452 475 3959
leaf_count=299 5316 38 2310 218 20 103 101 47 32 24 36 1452 475 3959
internal_value=2.81731e-08 -1.15697e-05 -1.69873e-05 0.000250373 0.000347711 0.000248994 0.000301312 0.000171937 3.86604e-05 0.000189351 0.00042375 7.05515e-06 2.60243e-05 6.19488e-06
internal_weight=14430 13792 13512 638 420 280 400 242 159 127 83 8196 5886 4434
internal_count=14430 13792 13512 638 420 280 400 242 159 127 83 8196 5886 4434
is_linear=0
shrinkage=0.02


Tree=10
num_leaves=15
num_cat=0
split_feature=2 1 3 1 5 4 2 4 3 2 2 3 4 5
split_gain=0.0658653 0.0387033 0.0789623 0.0491848 0.0634703 0.0443819 0.0424652 0.0362648 0.0362108 0.03562 0.0325578 0.0446283 0.026859 0.0232583
threshold=0.020486413163585345 0.42199305896742728 60.53858165853763 0.089652976142138088 -0.46571855664563228 0.042657688643292231 0.039901445556907646 0.093897306312876641 71.875056189427468 0.026319428544588103 0.010463035342784739 40.169977031703915 -0.0083453864368862578 0.72466914902675239
decision_type=2 2 2 2 2 2 2 2 2 2 2 2 2 2
left_child=10 3 7 5 -5 -2 9 -3 -8 -4 -1 12 -12 -6
right_child=1 2 6 4 13 -7 8 -9 -10 -11 11 -13 -14 -15
leaf_value=-5.1150843003535173e-05 8.1474065271729929e-05 -0.00096180831178765199 0.00030029769829222156 4.4690188003836993e-05 0.00034256301848032815 -0.00060979259397404698 0.00090898294473157782 -0.00018708469776006843 2.5442938519907848e-05 -0.00042570607916962716 0.00028151722961705026 -4.6552532786525951e-06 4.3552540687220147e-05 0.00068454372440674555
leaf_weight=5757 785 46 47 279 301 38 40 51 34 61 364 6121 396 110
leaf_count=5757 785 46 47 279 301 38 40 51 34 61 364 6121 396 110
internal_value=3.27348e-08 0.000113471 -0.000102693 0.000153374 0.000277788 4.88552e-05 0.000143056 -0.000560545 0.000508784 -0.000109904 -1.606e-05 1.3302e-05 0.000157745 0.00043553
internal_weight=14430 1792 279 1513 690 823 182 97 74 108 12638 6881 760 411
internal_count=14430 1792 279 1513 690 823 182 97 74 108 12638 6881 760 411
is_linear=0
shrinkage=0.02


Tree=11
num_leaves=15
num_cat=0
split_feature=0 1 0 2 1 1 1 2 2 1 2 0 1 2
split_gain=0.0996735 0.04531 0.0445427 0.0381137 0.034728 0.0336453 0.0312377 0.0380393 0.0392982 0.0262657 0.0285789 0.0247538 0.0406766 0.043177
threshold=-0.09627795566239826 0.27150678665023281 0.18948319627922075 0.053082769574758368 0.048589309660119435 -0.0011069078273869824 0.45717036911409475 0.044399306023773052 0.010463035342784739 0.7274139078997508 0.019664210831932375 -0.015272623280717488 -0.16963002616371894 0.020694877762198173
decision_type=2 2 2 2 2 2 2 2 2 2 2 2 2 2
left_child=1 4 3 6 5 -1 7 8 -2 10 -4 -10 -13 -14
right_child=2 -3 9 -5 -6 -7 -8 -9 11 -11 -12 12 13 -15
leaf_value=0.00035634272672646378 -5.0085654932503086e-05 -0.00057732832670973782 -0.00030410821911313441 0.00081777552312070677 0.000840427701970419 -0.00025690694862022637 -0.00029405282634609154 -0.00065248459577560425 7.9728626918672296e-05 -0.00035530690793637875 0.00037564379011440142 -0.00084139144938925035 -1.9961098882758024e-05 0.00014133130096270416
leaf_weight=294 5731 21 27 21 51 40 158 36 1991 26 227 22 5021 764
leaf_count=294 5731 21 27 21 51 40 158 36 1991 26 227 22 5021 764
internal_value=3.27344e-08 0.000308572 -8.92097e-06 -1.40164e-05 0.000358265 0.000282352 -1.53487e-05 -1.20811e-05 -1.03289e-05 0.00024035 0.000302477 1.88923e-05 -1.97627e-06 1.36084e-06
internal_weight=14430 406 14024 13744 385 334 13723 13565 13529 280 254 7798 5807 5785
internal_count=14430 406 14024 13744 385 334 13723 13565 13529 280 254 7798 5807 5785
is_linear=0
shrinkage=0.02


Tree=12
num_leaves=15
num_cat=0
split_feature=0 1 0 4 1 4 0 1 1 1 4 1 0 1
split_gain=0.0957384 0.0435704 0.0427722 0.0380313 0.0302957 0.043175 0.0255397 0.0252468 0.0245226 0.0330115 0.0337409 0.0220869 0.0292954 0.0201099
threshold=-0.09627795566239826 0.27150678665023281 0.18948319627922075 0.024754849678954475 0.45717036911409475 0.088818838220498866 0.052481816255335774 0.7274139078997508 0.048589309660119435 -0.16963002616371894 -0.056364694888447579 -0.0063557063498600455 -0.11802661989404843 0.19972730212861237
decision_type=2 2 2 2 2 2 2 2 2 2 2 2 2 2
left_child=1 3 4 8 -2 6 -6 13 9 10 -1 -11 -13 -4
right_child=2 -3 7 -5 5 -7 -8 -9 -10 11 -12 12 -14 -15
leaf_value=0.001256922297179699 -1.0524261215974318e-05 -0.00056630659340457486 -0.00010138659283172252 0.0011812858496393476 -0.0011550972543271452 -5.4631770771240519e-05 -0.00025927065499126915 -0.00034846400773083723 0.00078501202803301186 0.00023335651903534714 0.00025449473749507555 -0.00079847125070435661 0.00021748523972928526 0.00037535292162022124
leaf_weight=23 13586 21 42 20 28 106 24 26 37 229 32 20 24 212
leaf_count=23 13586 21 42 20 28 106 24 26 37 229 32 20 24 212
internal_value=3.10517e-08 0.000302419 -8.74412e-06 0.000351148 -1.37372e-05 -0.000288209 -0.000754332 0.000235523 0.000302558 0.000245914 0.000688651 0.00015453 -0.000251795 0.000296434
internal_weight=14430 406 14024 385 13744 158 52 280 365 328 55 273 44 254
internal_count=14430 406 14024 385 13744 158 52 280 365 328 55 273 44 254
is_linear=0
shrinkage=0.02


Tree=13
num_leaves=15
num_cat=0
split_feature=2 1 3 1 2 4 4 2 4 3 5 5 4 2
split_gain=0.0593281 0.0356097 0.0423042 0.0795744 0.0520561 0.0499849 0.0469222 0.0617893 0.0469641 0.0402475 0.0378332 0.0369469 0.0353132 0.0410076
threshold=0.020486413163585345 0.7274139078997508 54.20270095857898 0.42199305896742728 0.037473196045959771 0.012594818972761603 -0.0014749050387842797 0.044399306023773052 0.054907788175388446 41.047347613029991 -1.0567631679260019 -0.68578563139505833 -0.066172526120866812 0.025003866516120733
decision_type=2 2 2 2 2 2 2 2 2 2 2 2 2 2
left_child=-1 2 3 4 9 -6 7 -4 -8 10 -2 -11 -12 -14
right_child=1 -3 6 -5 5 -7 8 -9 -10 11 12 -13 13 -15
leaf_value=-1.5241390532706873e-05 0.0010173772142401762 -0.00038445347233822473 7.4927548180621958e-05 -0.00068631229259200012 0.00078588513105309443 -0.00027884691973061612 0.00047690000440343285 -0.0010444151271473277 0.00014397015288513114 -0.00039063523507491116 -0.0005521369753060518 1.72534847269372e-05 -7.8703500384847837e-05 0.00045159895175187164
leaf_weight=12638 20 56 190 58 69 23 319 21 363 128 26 285 106 128
leaf_count=12638 20 56 190 58 69 23 319 21 363 128 26 285 106 128
internal_value=3.18312e-08 0.000107694 0.000123782 2.21113e-05 7.526e-05 0.000519566 0.000219628 -4.08772e-05 0.000300166 1.56121e-05 0.000200328 -0.000109801 0.000133821 0.000212064
internal_weight=14430 1792 1736 843 785 92 893 211 682 693 280 413 260 234
internal_count=14430 1792 1736 843 785 92 893 211 682 693 280 413 260 234
is_linear=0
shrinkage=0.02


Tree=14
num_leaves=15
num_cat=0
split_feature=0 0 2 5 1 1 4 1 1 4 1 1 4 4
split_gain=0.0919629 0.0419701 0.0513566 0.0452913 0.0545315 0.0413014 0.0536358 0.0395431 0.0364631 0.0338122 0.0334423 0.0375025 0.0310391 0.0418296
threshold=-0.075093258235787594 0.14295026248781353 0.013900454740711889 0.72466914902675239 0.42199305896742728 0.45717036911409475 0.088818838220498866 -0.15474756482899746 0.19972730212861237 -0.026066154595546061 0.30849839264338225 0.096722800896280728 -0.019761179692784122 0.012029917402403336
decision_type=2 2 2 2 2 2 2 2 2 2 2 2 2 2
left_child=7 5 -3 8 -5 -2 -7 9 -4 -1 11 -9 -13 -14
right_child=1 2 3 4 -6 6 -8 10 -10 -11 -12 12 13 -15
leaf_value=0.00082115242500667982 -1.5537580715874863e-05 -0.0004548750438261777 -0.00015598301685921203 0.00096002098435776372 -5.4927160116759218e-05 -0.00095201450724934425 -8.5761990697904566e-05 0.00013602854915619513 0.00024998055604118029 -0.00010782491770528612 -0.00058864788516708045 0.0012765030305655228 -0.00034180952524322835 0.00085228426054258038
leaf_weight=68 12988 49 126 61 32 42 86 578 292 20 22 20 20 26
leaf_count=68 12988 49 126 61 32 42 86 578 292 20 22 20 20 26
internal_value=3.05537e-08 -1.18313e-05 0.000157575 0.000217076 0.000613922 -1.90757e-05 -0.000375178 0.00021491 0.000127529 0.000611182 0.000161712 0.000188218 0.000636421 0.000336887
internal_weight=14430 13676 560 511 93 13116 128 754 418 88 666 644 66 46
internal_count=14430 13676 560 511 93 13116 128 754 418 88 666 644 66 46
is_linear=0
shrinkage=0.02


Tree=15
num_leaves=15
num_cat=0
split_feature=2 3 2 3 4 1 4 1 3 2 1 5 5 2
split_gain=0.0563857 0.0549309 0.029868 0.0505749 0.0284681 0.0216085 0.0378464 0.0314705 0.0437038 0.0253127 0.0391688 0.0445467 0.0315276 0.0358706
threshold=0.010662951909447998 40.387509416733529 0.053082769574758368 64.826136526268073 -0.0074706737886572885 0.7274139078997508 0.16526969410848882 0.45717036911409475 53.305168021930896 0.020694877762198173 0.1170905637911296 0.72466914902675239 2.5814467756073847 0.026319428544588103
decision_type=2 2 2 2 2 2 2 2 2 2 2 2 2 2
left_child=-1 4 5 -4 -2 6 7 9 -9 -3 -11 -12 13 -13
right_child=1 2 3 -5 -6 -7 -8 8 -10 10 11 12 -14 -15
leaf_value=-4.6925788565681214e-05 0.00027063330414670489 -1.3409469512154271e-06 0.0011681066127493978 -5.3170168539509179e-05 5.8441050915694382e-05 -0.00037692973488255555 0.00046710608756705507 -0.00077433792915144301 -4.5378413920363254e-05 -1.2565528078693589e-05 0.00014398909238134993 0.0013992983249149153 -3.4179562194780867e-05 0.00043247669935226441
leaf_weight=5985 539 5914 23 31 477 56 72 47 105 604 492 27 21 37
leaf_count=5985 539 5914 23 31 477 56 72 47 105 604 492 27 21 37
internal_value=3.20741e-08 3.33129e-05 1.44393e-05 0.000478784 0.000171167 1.09749e-05 1.39939e-05 9.42839e-06 -0.000274368 1.55461e-05 0.00010004 0.000217732 0.000637936 0.000855607
internal_weight=14430 8445 7429 54 1016 7375 7319 7247 152 7095 1181 577 85 64
internal_count=14430 8445 7429 54 1016 7375 7319 7247 152 7095 1181 577 85 64
is_linear=0
shrinkage=0.02


Tree=16
num_leaves=15
num_cat=0
split_feature=0 0 2 5 1 1 1 3 1 1 1 3 3 1
split_gain=0.0864207 0.0394698 0.049639 0.0388081 0.0689073 0.0386342 0.0377242 0.0332678 0.0315633 0.0359408 0.0292442 0.0519023 0.0262265 0.0260504
threshold=-0.075093258235787594 0.14295026248781353 0.019664210831932375 0.72466914902675239 0.39085843659684755 0.45717036911409475 -0.15474756482899746 60.53858165853763 0.30849839264338225 0.096722800896280728 0.19972730212861237 64.665299552082459 34.343719025484425 -0.16963002616371894
decision_type=2 2 2 2 2 2 2 2 2 2 2 2 2 2
left_child=6 5 -3 7 -5 13 12 -4 9 -8 -9 -12 -1 -2
right_child=1 2 3 4 -6 -7 8 10 -10 -11 11 -13 -14 -15
leaf_value=0.00088546054760137421 -0.0004801346113284429 -0.00013670004011985071 -0.00039801615977517541 0.0012111918333251852 1.5539801162150173e-05 -0.00036290085361909494 0.00013104688260376143 -0.00013768969593764915 -0.00057258526268212694 0.00062089681458562173 0.0011295351397323733 0.00023263578528750668 0.00018276812361651344 -1.3341132079137705e-05
leaf_weight=51 47 166 35 42 35 128 578 61 22 66 29 192 37 12941
leaf_count=51 47 166 35 42 35 128 578 61 22 66 29 192 37 12941
internal_value=3.50286e-08 -1.14638e-05 0.000152819 0.000274836 0.000674881 -1.84891e-05 0.000208339 0.000175847 0.000156382 0.000182134 0.000248226 0.000354886 0.000595384 -1.50672e-05
internal_weight=14430 13676 560 394 77 13116 754 317 666 644 282 221 88 12988
internal_count=14430 13676 560 394 77 13116 754 317 666 644 282 221 88 12988
is_linear=0
shrinkage=0.02


Tree=17
num_leaves=15
num_cat=0
split_feature=0 1 2 0 1 1 2 2 2 1 3 5 5 0
split_gain=0.0833427 0.0384119 0.0376478 0.0326808 0.0421413 0.0418693 0.0322393 0.032699 0.0311543 0.0276605 0.0325167 0.0287775 0.027324 0.0258203
threshold=-0.09627795566239826 0.27150678665023281 0.010463035342784739 0.14295026248781353 0.45717036911409475 0.19972730212861237 0.053082769574758368 0.044399306023773052 0.037473196045959771 0.7274139078997508 74.252039089238465 0.72466914902675239 0.74349638357211678 -0.015272623280717488
decision_type=2 2 2 2 2 2 2 2 2 2 2 2 2 2
left_child=1 8 -2 4 6 12 7 13 -1 10 11 -7 -5 -4
right_child=2 -3 3 5 -6 9 -8 -9 -10 -11 -12 -13 -14 -15
leaf_value=0.00027297324494747314 -4.7552769681958449e-05 -0.00053347786152947013 7.6962485329723024e-05 -0.00019088825347902483 -0.00034851338771673345 0.00040027944594161856 0.00077915343371304593 -0.00061577881827498931 0.00092733214609324937 -0.00024342141217655608 0.00010956316886769308 0.0010704932324358284 0.00053653600699969195 -6.9314674784294173e-06
leaf_weight=354 5733 21 1991 148 129 168 21 32 31 35 142 30 23 5572
leaf_count=354 5733 21 1991 148 129 168 21 32 31 35 142 30 23 5572
internal_value=3.7528e-08 0.000282171 -8.14988e-06 1.90986e-05 8.54559e-06 0.000168503 1.46384e-05 1.24223e-05 0.000327928 0.000286534 0.000341642 0.000506696 -9.0497e-05 1.51613e-05
internal_weight=14430 406 14024 8291 7745 546 7616 7595 385 375 340 198 171 7563
internal_count=14430 406 14024 8291 7745 546 7616 7595 385 375 340 198 171 7563
is_linear=0
shrinkage=0.02


Tree=18
num_leaves=15
num_cat=0
split_feature=2 3 2 4 4 1 4 1 3 2 2 1 5 4
split_gain=0.0515961 0.0499754 0.0269707 0.0482076 0.0269229 0.020125 0.035273 0.0289167 0.0404594 0.0234467 0.0233529 0.0364511 0.0413182 0.0308651
threshold=0.010662951909447998 40.387509416733529 0.053082769574758368 0.01749199194132867 -0.0074706737886572885 0.7274139078997508 0.16526969410848882 0.45717036911409475 53.305168021930896 0.039901445556907646 0.020694877762198173 0.1170905637911296 0.72466914902675239 0.042657688643292231
decision_type=2 2 2 2 2 2 2 2 2 2 2 2 2 2
left_child=-1 4 5 -4 -2 6 7 10 -9 -7 -3 13 -13 -12
right_child=1 2 3 -5 -6 9 -8 8 -10 -11 11 12 -14 -15
leaf_value=-4.4879432335577896e-05 0.00026009238923520403 -1.2684583900904164e-06 0.0011803271781272171 -2.7513694059213296e-05 5.3749013668760097e-05 -0.00072247074916958814 0.00045093098629827368 -0.0007440035831556695 -4.2634801296649048e-05 9.1695900146777817e-05 2.7926936069148165e-05 0.00013862428674757724 0.00061433502267179796 -0.00051646935360299224
leaf_weight=5985 539 5914 21 33 477 31 72 47 105 25 560 492 85 44
leaf_count=5985 539 5914 21 33 477 31 72 47 105 25 560 492 85 44
internal_value=3.98062e-08 3.18758e-05 1.38736e-05 0.000455122 0.000163365 1.05815e-05 1.34951e-05 9.08748e-06 -0.000262951 -0.000363771 1.49517e-05 9.61087e-05 0.000209645 -1.25192e-05
internal_weight=14430 8445 7429 54 1016 7375 7319 7247 152 56 7095 1181 577 604
internal_count=14430 8445 7429 54 1016 7375 7319 7247 152 56 7095 1181 577 604
is_linear=0
shrinkage=0.02


Tree=19
num_leaves=15
num_cat=0
split_feature=0 1 4 0 1 4 3 1 4 3 5 4 1 1
split_gain=0.0784142 0.0364035 0.0357591 0.0342399 0.0386201 0.0520652 0.0580203 0.0340964 0.0463839 0.0389195 0.0239445 0.0226701 0.0404693 0.0392708
threshold=-0.09627795566239826 0.27150678665023281 0.024754849678954475 0.14295026248781353 0.19972730212861237 0.050247649138643553 73.227375780106215 0.45717036911409475 0.088818838220498866 65.763063589173328 0.88492243419006766 -0.0074706737886572885 0.099482500523212739 -0.15474756482899746
decision_type=2 2 2 2 2 2 2 2 2 2 2 2 2 2
left_child=1 2 11 7 10 6 -6 -2 -9 -10 -5 12 13 -1
right_child=3 -3 -4 4 5 -7 -8 8 9 -11 -12 -13 -14 -15
leaf_value=0.0007387841666738192 -1.1136212130945535e-05 -0.00052031762210059571 0.0011228567255394798 -0.00017888554649554797 0.001524425323214382 0.00014602903506498555 0.00032232025172561406 -0.00086483584716916088 0.00017065277941691787 -0.00081623347320904332 0.00052489437035877602 3.4237870652424663e-06 0.0012093764627795845 0.00015137571738936355
leaf_weight=59 13335 21 20 160 24 308 47 43 66 20 21 94 20 192
leaf_count=59 13335 21 20 160 24 308 47 43 66 20 21 94 20 192
internal_value=4.00072e-08 0.000273705 0.000318251 -7.90163e-06 0.000145191 0.00025975 0.000744195 -1.42794e-05 -0.000336615 -6.55996e-05 -9.47961e-05 0.000271215 0.000363748 0.000291836
internal_weight=14430 406 385 14024 560 379 71 13464 129 86 181 365 271 251
internal_count=14430 406 385 14024 560 379 71 13464 129 86 181 365 271 251
is_linear=0
shrinkage=0.02


Tree=20
num_leaves=15
num_cat=0
split_feature=0 4 2 0 2 5 3 3 3 3 2 2 5 2
split_gain=0.0761168 0.0345074 0.0365681 0.0342874 0.0466231 0.0384422 0.0417665 0.0303179 0.0292683 0.0283862 0.0241298 0.0526239 0.0230294 0.0221175
threshold=-0.075093258235787594 -0.0074706737886572885 0.037473196045959771 0.14295026248781353 0.013900454740711889 0.72466914902675239 81.012333040001025 60.53858165853763 64.665299552082459 66.124606567675784 0.028290884083009823 0.022265770330112147 0.39860363885709454 0.022265770330112147
decision_type=2 2 2 2 2 2 2 2 2 2 2 2 2 2
left_child=1 2 12 -2 -5 7 10 -6 13 -10 11 -7 -1 -9
right_child=3 -3 -4 4 5 6 -8 8 9 -11 -12 -13 -14 -15
leaf_value=0.00017285207216483227 -1.729536622265369e-05 1.3742091893045992e-05 0.0011143554037525542 -0.00044112373339012269 -0.00040062263312681416 0.00039269126040618059 -0.00021233372728932988 7.9330930796762313e-05 -0.00054732131212949751 0.00015417273689626959 0.00034168397346811912 0.001815589792760355 0.000491219923623139 0.00092648865203514251
leaf_weight=341 13116 269 20 49 40 22 21 20 24 302 30 20 124 32
leaf_count=341 13116 269 20 49 40 22 21 20 24 302 30 20 124 32
internal_value=4.40871e-08 0.000195536 0.00029613 -1.07475e-05 0.00014237 0.000199074 0.000564682 0.000116577 0.00017222 0.000101013 0.000791116 0.00109673 0.000258622 0.000608303
internal_weight=14430 754 485 13676 560 511 93 418 378 326 72 42 465 52
internal_count=14430 754 485 13676 560 511 93 418 378 326 72 42 465 52
is_linear=0
shrinkage=0.02


Tree=21
num_leaves=15
num_cat=0
split_feature=0 1 4 0 2 1 4 3 1 1 4 4 1 2
split_gain=0.0731347 0.0342845 0.0333036 0.0329613 0.0448458 0.0333867 0.0478072 0.0374433 0.0277892 0.0321287 0.0279783 0.0398518 0.0254058 0.0283541
threshold=-0.075093258235787594 -0.15474756482899746 -0.056364694888447579 0.14295026248781353 0.019664210831932375 0.45717036911409475 0.088818838220498866 65.763063589173328 0.30849839264338225 0.096722800896280728 -0.019761179692784122 0.012029917402403336 -0.16963002616371894 0.025003866516120733
decision_type=2 2 2 2 2 2 2 2 2 2 2 2 2 2
left_child=1 2 -1 5 -5 12 -7 -8 9 -3 -11 -12 13 -2
right_child=3 8 -4 4 -6 6 7 -9 -10 10 11 -13 -14 -15
leaf_value=0.001009667688294461 -4.2735367481197629e-05 0.00011803491895178748 0.00022169421498592084 -0.00013556510522337017 0.00025557966077629525 -0.00088167630482551668 0.00016763141420461349 -0.00080035670749133538 -0.00054179561526879021 0.0011884658286968868 -0.00036398731138823293 0.0008008346852363536 -1.2063971060692285e-05 -0.0010242668965033121
leaf_weight=37 27 578 51 166 394 42 66 20 22 20 20 26 12941 20
leaf_count=37 27 578 51 166 394 42 66 20 22 20 20 26 12941 20
internal_value=4.85894e-08 0.000191673 0.000560623 -1.05295e-05 0.000139598 -1.69495e-05 -0.000337118 -6.40941e-05 0.000142155 0.000166324 0.000581143 0.000297421 -1.37684e-05 -0.000473046
internal_weight=14430 754 88 13676 560 13116 128 86 666 644 66 46 12988 47
internal_count=14430 754 88 13676 560 13116 128 86 666 644 66 46 12988 47
is_linear=0
shrinkage=0.02


Tree=22
num_leaves=15
num_cat=0
split_feature=0 2 0 5 3 2 3 2 4 2 0 4 2 2
split_gain=0.0706087 0.0339845 0.0272475 0.0339886 0.0427185 0.0297871 0.025662 0.0330715 0.0247356 0.0310728 0.0246126 0.0359601 0.0419528 0.108762
threshold=-0.09627795566239826 0.010463035342784739 0.14295026248781353 0.72466914902675239 81.012333040001025 0.053082769574758368 60.53858165853763 0.039901445556907646 0.072816836296962464 0.023097424587243124 0.001783801681338071 0.0067573331926316102 0.021880397875721255 0.024463481205648618
decision_type=2 2 2 2 2 2 2 2 2 2 2 2 2 2
left_child=-1 -2 5 6 8 10 -4 -8 9 -5 11 -3 -13 -14
right_child=1 2 3 4 -6 -7 7 -9 -10 -11 -12 12 13 -15
leaf_value=0.00025973449028680602 -4.4925287852185346e-05 0.00011025518979060449 -0.00039683841736760082 0.00038725447481159463 -0.00023557529449462893 0.00074364326216957782 4.4900946024276271e-05 0.00051728254494567711 0.00021746168327000406 0.001429830345524741 -2.0568620626393729e-05 1.1768726035822415e-05 -0.0011435901841267625 3.0332082863321009e-05
leaf_weight=406 5733 1735 40 21 24 21 337 71 26 27 4882 965 46 96
leaf_count=406 5733 1735 40 21 24 21 337 71 26 27 4882 965 46 96
internal_value=4.75647e-08 -7.48845e-06 1.84004e-05 0.000154822 0.000490272 8.76435e-06 8.05133e-05 0.000128168 0.000725684 0.000990915 6.67036e-06 5.34524e-05 -3.55938e-05 -0.00035529
internal_weight=14430 14024 8291 546 98 7745 448 408 74 48 7724 2842 1107 142
internal_count=14430 14024 8291 546 98 7745 448 408 74 48 7724 2842 1107 142
is_linear=0
shrinkage=0.02


Tree=23
num_leaves=15
num_cat=0
split_feature=2 3 4 2 3 1 4 1 2 1 2 2 1 2
split_gain=0.0461548 0.0438681 0.0239592 0.0233844 0.0471049 0.0196693 0.032321 0.0265203 0.0376611 0.0228268 0.0340049 0.0219334 0.0210485 0.051217
threshold=0.010662951909447998 40.387509416733529 -0.0074706737886572885 0.053082769574758368 64.826136526268073 0.7274139078997508 0.16526969410848882 0.45717036911409475 0.029460595246390543 0.56368899725582833 0.032694875324560772 0.039901445556907646 0.12887796506836915 0.019664210831932375
decision_type=2 2 2 2 2 2 2 2 2 2 2 2 2 2
left_child=-1 2 -2 5 -5 6 7 12 -9 10 -8 -7 -3 -14
right_child=1 3 -4 4 -6 11 9 8 -10 -11 -12 -13 13 -15
leaf_value=-4.2435406390844475e-05 0.00024460098183610372 -7.5315078082431562e-06 4.9948067439400503e-05 0.0010895081834557156 -8.8106541079469031e-05 -0.00070676609873771674 0.00068366522685839575 2.1426915191113951e-05 -0.00061190094742359538 0.00093809649348258978 -0.00035061135888099672 8.0936872042142435e-05 2.1897013300467888e-06 0.00021860546086515699
leaf_weight=5985 539 5035 477 23 31 31 25 87 65 23 24 25 1431 629
leaf_count=5985 539 5035 477 23 31 31 25 87 65 23 24 25 1431 629
internal_value=4.92584e-08 3.01597e-05 0.000153353 1.32933e-05 0.00042416 1.02279e-05 1.31083e-05 8.88915e-06 -0.000251633 0.00043184 0.0001802 -0.000359862 1.45051e-05 6.83441e-05
internal_weight=14430 8445 1016 7429 54 7375 7319 7247 152 72 49 56 7095 2060
internal_count=14430 8445 1016 7429 54 7375 7319 7247 152 72 49 56 7095 2060
is_linear=0
shrinkage=0.02


Tree=24
num_leaves=15
num_cat=0
split_feature=0 1 2 2 0 1 1 5 2 2 3 2 0 1
split_gain=0.0664119 0.0333547 0.0312866 0.028179 0.0259663 0.04065 0.0344677 0.0319285 0.026987 0.0275126 0.024738 0.0244991 0.0243578 0.0377812
threshold=-0.09627795566239826 0.27150678665023281 0.010463035342784739 0.037473196045959771 0.12916875578212442 0.20249086236086025 0.45717036911409475 1.9493788671000127 0.053082769574758368 0.044399306023773052 79.749833819681541 0.020907931307794805 -0.006123347665015543 -0.12762012245749019
decision_type=2 2 2 2 2 2 2 2 2 2 2 2 2 2
left_child=1 3 -2 -1 6 -6 8 10 9 12 -7 -12 -4 -14
right_child=2 -3 4 -5 5 7 -8 -9 -10 -11 11 -13 13 -15
leaf_value=0.00024236162306583473 -4.3178388651869882e-05 -0.00050797212286852306 6.5007724937332396e-05 0.00086440390907227993 -5.945027195447393e-05 0.00027200514350884724 -0.00032116017407841154 0.0008537296307357875 0.00071185834028504103 -0.00058424388208696925 0.00018090608167565533 -0.0006171354892905112 -0.00065791287769873929 -7.6563053741559812e-06
leaf_weight=354 5733 21 2413 31 266 335 125 32 21 30 35 26 35 4973
leaf_count=354 5733 21 2413 31 266 335 125 32 21 30 35 26 35 4973
internal_value=5.03805e-08 0.000251902 -7.25824e-06 0.000294558 1.75818e-05 0.000134595 6.87608e-06 0.000255051 1.24061e-05 1.03395e-05 0.000204644 -0.00016371 1.28215e-05 -1.23313e-05
internal_weight=14430 406 14024 385 8291 694 7597 428 7472 7451 396 61 7421 5008
internal_count=14430 406 14024 385 8291 694 7597 428 7472 7451 396 61 7421 5008
is_linear=0
shrinkage=0.02


Tree=25
num_leaves=15
num_cat=0
split_feature=2 3 4 2 3 1 4 1 2 1 2 2 1 2
split_gain=0.0426543 0.0409939 0.0228498 0.0215875 0.044729 0.0189603 0.0308961 0.024827 0.0362125 0.021816 0.0327579 0.0211713 0.0199126 0.0487268
threshold=0.010662951909447998 40.387509416733529 -0.0078687608422666738 0.053082769574758368 64.826136526268073 0.7274139078997508 0.16526969410848882 0.45717036911409475 0.029460595246390543 0.56368899725582833 0.032694875324560772 0.039901445556907646 0.12887796506836915 0.019664210831932375
decision_type=2 2 2 2 2 2 2 2 2 2 2 2 2 2
left_child=-1 2 -2 5 -5 6 7 12 -9 10 -8 -7 -3 -14
right_child=1 3 -4 4 -6 11 9 8 -10 -11 -12 -13 13 -15
leaf_value=-4.0791925354046883e-05 0.00023897047576336365 -7.5506937426179825e-06 4.9073719228694189e-05 0.0010558275117849309 -9.1554316459223624e-05 -0.00069443603977560999 0.00067013037032805946 2.4104350966147398e-05 -0.0005968912394548005 0.00091688965757687885 -0.0003449926346540451 7.946388079569889e-05 1.7232086796277106e-06 0.00021281210628766863
leaf_weight=5985 529 5035 487 23 31 31 25 87 65 23 24 25 1431 629
leaf_count=5985 529 5035 487 23 31 31 25 87 65 23 24 25 1431 629
internal_value=4.99166e-08 2.89961e-05 0.000148085 1.26916e-05 0.000407457 9.74625e-06 1.25744e-05 8.44927e-06 -0.000243619 0.000421972 0.000175971 -0.000353612 1.3883e-05 6.6249e-05
internal_weight=14430 8445 1016 7429 54 7375 7319 7247 152 72 49 56 7095 2060
internal_count=14430 8445 1016 7429 54 7375 7319 7247 152 72 49 56 7095 2060
is_linear=0
shrinkage=0.02


Tree=26
num_leaves=15
num_cat=0
split_feature=0 1 4 2 2 1 4 0 1 0 1 4 1 4
split_gain=0.0624741 0.0316681 0.0340515 0.0355897 0.0287974 0.0269084 0.0311954 0.0302515 0.0256643 0.0246542 0.0357534 0.0514202 0.0338732 0.0415459
threshold=-0.09627795566239826 0.27150678665023281 0.024754849678954475 0.037473196045959771 0.010463035342784739 -0.16963002616371894 -0.056364694888447579 -0.14689750508110436 -0.036121220915736767 0.14295026248781353 0.19972730212861237 0.050247649138643553 0.45717036911409475 0.088818838220498866
decision_type=2 2 2 2 2 2 2 2 2 2 2 2 2 2
left_child=1 2 3 5 -2 6 -1 8 -7 12 -11 -12 -6 -14
right_child=4 -3 -4 -5 9 7 -8 -9 -10 10 11 -13 13 -15
leaf_value=0.0011368401534855366 -4.1499271281504371e-05 -0.00049607280535962097 0.0010706901501509405 0.0010209287973967464 1.3090293940735765e-05 1.7923206905834376e-06 0.00017624026446631463 0.00023340408422627322 -0.00080642780384302824 -9.273741870772007e-05 0.00074063264928810621 0.00014226996371814727 -0.00081239747730168425 -5.6075931623064237e-05
leaf_weight=23 5733 21 20 21 7616 55 32 213 21 171 70 305 43 86
leaf_count=23 5733 21 20 21 7616 55 32 213 21 171 70 305 43 86
internal_value=5.09593e-08 0.000244321 0.000285887 0.000240076 -7.03768e-06 0.000189587 0.000591073 0.000111405 -0.000229104 1.67937e-05 0.000146561 0.000255637 7.62777e-06 -0.000312493
internal_weight=14430 406 385 365 14024 344 55 289 76 8291 546 375 7745 129
internal_count=14430 406 385 365 14024 344 55 289 76 8291 546 375 7745 129
is_linear=0
shrinkage=0.02


Tree=27
num_leaves=15
num_cat=0
split_feature=0 1 4 0 5 3 1 1 4 3 1 1 1 4
split_gain=0.0606382 0.0312188 0.0311372 0.0268951 0.0332563 0.0428498 0.0325197 0.029003 0.0429866 0.0359511 0.0247961 0.0245864 0.0291305 0.0266893
threshold=-0.075093258235787594 -0.15474756482899746 -0.056364694888447579 0.14295026248781353 0.72466914902675239 81.012333040001025 0.19972730212861237 0.45717036911409475 0.088818838220498866 65.763063589173328 -0.16963002616371894 0.30849839264338225 0.096722800896280728 -0.019761179692784122
decision_type=2 2 2 2 2 2 2 2 2 2 2 2 2 2
left_child=1 2 -1 7 6 -6 -5 10 -9 -10 -2 12 -3 -14
right_child=3 11 -4 4 5 -7 -8 8 9 -11 -12 -13 13 -15
leaf_value=0.00096065944746920946 -0.00046614604691664377 0.00010408253593946163 0.0001992361591412471 -0.00018026434167608569 0.00069765693253527096 -0.00023703853289286296 0.00017403693128087116 -0.00083015127583991656 0.00017199761508755499 -0.00077647601243197213 -1.0729587407962793e-05 -0.00051596174421517744 0.0011378257721662522 0.000268531074311505
leaf_weight=37 47 578 51 156 74 26 304 42 66 20 12941 22 20 46
leaf_count=37 47 578 51 156 74 26 304 42 66 20 12941 22 20 46
internal_value=5.30323e-08 0.000174539 0.000526577 -9.579e-06 0.000126032 0.000454695 5.37522e-05 -1.53782e-05 -0.000313788 -5.49673e-05 -1.24134e-05 0.000127304 0.000150045 0.000545005
internal_weight=14430 754 88 13676 560 100 460 13116 128 86 12988 666 644 66
internal_count=14430 754 88 13676 560 100 460 13116 128 86 12988 666 644 66
is_linear=0
shrinkage=0.02


Tree=28
num_leaves=15
num_cat=0
split_feature=0 4 1 3 0 1 0 1 4 1 4 4 1 5
split_gain=0.0582751 0.0304094 0.0357028 0.0419788 0.0258797 0.0475768 0.0259352 0.0237994 0.0236109 0.0212854 0.0311533 0.0199807 0.0310603 0.0148023
threshold=-0.075093258235787594 -0.0074706737886572885 -0.15474756482899746 35.17633586182761 0.24406040470374826 0.42199305896742728 0.29281228538101828 -0.16963002616371894 -0.044220672784449681 0.14216320820431896 -0.056364694888447579 0.024754849678954475 0.27913450517833654 -0.55484768189847922
decision_type=2 2 2 2 2 2 2 2 2 2 2 2 2 2
left_child=1 2 3 -1 7 -6 -7 8 -2 10 -4 -3 -13 -9
right_child=4 11 9 -5 5 6 -8 13 -10 -11 -12 12 -14 -15
leaf_value=0.0010661470814904367 -0.00088247850537300117 -8.7151685513036194e-05 -0.00029144553122697055 0.00012629649774836642 0.00070696116539469933 0.00050200896958510076 -0.00018304929669414247 -4.0845440590337102e-05 5.2135499815146124e-06 0.00079601978544484493 0.00022670462666385209 0.00068924825431572066 -0.00028293995807568233 3.79738054926185e-06
leaf_weight=43 24 214 53 34 56 29 83 4425 23 21 334 35 20 9036
leaf_count=43 24 214 53 34 56 29 83 4425 23 21 334 35 20 9036
internal_value=5.29379e-08 0.000171106 0.000265538 0.000658088 -9.38955e-06 0.000236573 -2.79533e-06 -1.24659e-05 -0.000457017 0.000190025 0.000155175 4.94762e-07 0.000336986 -1.08799e-05
internal_weight=14430 754 485 77 13676 168 112 13508 47 408 387 269 55 13461
internal_count=14430 754 485 77 13676 168 112 13508 47 408 387 269 55 13461
is_linear=0
shrinkage=0.02


Tree=29
num_leaves=15
num_cat=0
split_feature=0 1 4 2 2 1 4 0 1 0 1 4 3 1
split_gain=0.0561008 0.0289794 0.0320829 0.0338657 0.0274094 0.0243183 0.0291069 0.028939 0.0250916 0.0209211 0.0340344 0.0496632 0.048702 0.0311305
threshold=-0.09627795566239826 0.27150678665023281 0.024754849678954475 0.037473196045959771 0.01011575423422219 -0.16963002616371894 -0.056364694888447579 -0.14689750508110436 -0.036121220915736767 0.14295026248781353 0.19972730212861237 0.050247649138643553 73.227375780106215 0.45717036911409475
decision_type=2 2 2 2 2 2 2 2 2 2 2 2 2 2
left_child=1 2 3 5 -2 6 -1 8 -7 13 -11 12 -12 -6
right_child=4 -3 -4 -5 9 7 -8 -9 -10 10 11 -13 -14 -15
leaf_value=0.00108638529976209 -4.2335560047058513e-05 -0.0004766989589287815 0.001032992329537159 0.00098848136988553131 1.2141356759480891e-05 -1.3285896524653902e-06 0.00015899976094563802 0.00022264942240674991 -0.00080053658954883837 -9.4886765273361552e-05 0.0014307664402760565 0.00013048117260633686 0.00032401748952713417 -0.00029985486887968506
leaf_weight=23 5336 21 20 21 8007 55 32 213 21 176 24 306 46 129
leaf_count=23 5336 21 20 21 8007 55 32 213 21 176 24 306 46 129
internal_value=5.51435e-08 0.000231531 0.000271296 0.000226851 -6.6622e-06 0.000177626 0.00055929 0.000103313 -0.000229691 1.525e-05 0.000134287 0.000241527 0.000718281 7.15827e-06
internal_weight=14430 406 385 365 14024 344 55 289 76 8688 552 376 70 8136
internal_count=14430 406 385 365 14024 344 55 289 76 8688 552 376 70 8136
is_linear=0
shrinkage=0.02


Tree=30
num_leaves=15
num_cat=0
split_feature=0 4 1 2 2 1 5 4 1 1 5 2 4 5
split_gain=0.054349 0.0291742 0.0333962 0.0381393 0.0253818 0.0509737 0.0368727 0.0247388 0.0213118 0.0400095 0.0341867 0.0479918 0.0376046 0.0211998
threshold=-0.075093258235787594 -0.0074706737886572885 -0.15474756482899746 0.037473196045959771 0.020486413163585345 -0.16963002616371894 -0.58278282065856224 -0.056364694888447579 0.16852926141159622 0.42199305896742728 0.72466914902675239 0.026319428544588103 0.013501717866275189 0.39860363885709454
decision_type=2 2 2 2 2 2 2 2 2 2 2 2 2 2
left_child=1 2 13 7 -2 -6 -7 -4 -8 10 12 -12 -10 -1
right_child=4 -3 3 -5 5 6 8 -9 9 -11 11 -13 -14 -15
leaf_value=0.00038090274870103484 -1.8451757675568885e-05 -1.8521848100203055e-06 -0.00025036439831767766 0.0010153964729536146 -0.0008855859799818559 -5.8221433576963182e-05 6.3270429536038325e-05 0.00020431955283630395 0.00088451618116403778 -3.7440621271366025e-07 0.0013823243078465264 0.00032431283749120182 0.0001638610029736036 0.0010818450931193572
leaf_weight=50 12224 269 55 20 21 480 483 333 33 163 29 42 201 27
leaf_count=50 12224 269 55 20 21 480 483 333 33 163 29 42 201 27
internal_value=5.91271e-08 0.000165249 0.000257744 0.000184708 -9.05974e-06 6.99675e-05 8.45989e-05 0.000139389 0.00015667 0.000252723 0.000387545 0.000769655 0.000268823 0.000637406
internal_weight=14430 754 485 408 13676 1452 1431 388 951 468 305 71 234 77
internal_count=14430 754 485 408 13676 1452 1431 388 951 468 305 71 234 77
is_linear=0
shrinkage=0.02


Tree=31
num_leaves=15
num_cat=0
split_feature=0 1 2 1 1 0 2 5 1 1 3 2 2 2
split_gain=0.0522769 0.027685 0.026001 0.0241654 0.0278664 0.021315 0.0348618 0.0380411 0.0569447 0.0287059 0.0265275 0.0471977 0.0241648 0.0267168
threshold=-0.09627795566239826 0.27150678665023281 0.010463035342784739 0.048589309660119435 -0.0011069078273869824 0.12916875578212442 0.019664210831932375 0.72466914902675239 0.42199305896742728 0.45717036911409475 60.53858165853763 0.034844562433032238 0.053082769574758368 0.044399306023773052
decision_type=2 2 2 2 2 2 2 2 2 2 2 2 2 2
left_child=1 3 -2 4 -1 9 -7 10 -9 12 11 -8 13 -4
right_child=2 -3 5 -5 -6 6 7 8 -10 -11 -12 -13 -14 -15
leaf_value=0.0002666481858656063 -3.9166152697365458e-05 -0.00046867519066753709 1.2061700396440779e-05 0.00066426472989125889 -0.00029080314243712076 -7.6931707290375342e-05 0.00022123347486679754 0.0009806286631750742 -8.5216688457876447e-05 -0.00029284096308170802 0.00020032949035058784 -0.0010177982988811675 0.00067344020713459363 -0.0005763049207387432
leaf_weight=294 5733 21 7421 51 40 233 29 55 31 125 326 20 21 30
leaf_count=294 5733 21 7421 51 40 233 29 55 31 125 326 20 21 30
internal_value=6.3885e-08 0.000223512 -6.42048e-06 0.000262384 0.000199219 1.62242e-05 0.000122241 0.000222856 0.000599865 6.52464e-06 0.000135029 -0.000294735 1.15713e-05 9.61574e-06
internal_weight=14430 406 14024 385 334 8291 694 461 86 7597 375 49 7472 7451
internal_count=14430 406 14024 385 334 8291 694 461 86 7597 375 49 7472 7451
is_linear=0
shrinkage=0.02


Tree=32
num_leaves=15
num_cat=0
split_feature=0 4 1 3 2 4 2 3 1 4 2 1 4 4
split_gain=0.0506796 0.0277524 0.0319199 0.0402119 0.0365113 0.0239273 0.0236888 0.0512378 0.0445867 0.0401606 0.0494806 0.0339284 0.0342216 0.0253644
threshold=-0.075093258235787594 -0.0074706737886572885 -0.15474756482899746 35.17633586182761 0.037473196045959771 -0.056364694888447579 0.020486413163585345 53.552828429883853 0.7274139078997508 -0.027334879810633258 0.044399306023773052 -0.16963002616371894 -0.017586763810727043 0.054907788175388446
decision_type=2 2 2 2 2 2 2 2 2 2 2 2 2 2
left_child=1 2 3 -1 5 -4 -2 11 9 10 -9 -8 -13 -11
right_child=6 -3 4 -5 -6 -7 7 8 -10 13 -12 12 -14 -15
leaf_value=0.0010202717211160977 -1.7816208259857771e-05 -3.3936826167283232e-06 -0.0002492218358176095 0.00010121964057907463 0.0009911446060453142 0.00019792328873080407 -0.00086890957572243431 2.6742350310087205e-05 -0.00043756424772496125 0.00033471467535174085 -0.0010418422874950227 0.00025476463837549091 -0.00015769692729070283 0.00010905791124790825
leaf_weight=43 12224 269 55 34 20 333 21 99 48 440 20 103 355 366
leaf_count=43 12224 269 55 34 20 333 21 99 48 440 20 103 355 366
internal_value=6.28456e-08 0.000159579 0.000249791 0.000620957 0.000178396 0.000134062 -8.74281e-06 6.76034e-05 0.000150912 0.000181889 -0.000160037 -0.000101585 -6.45851e-05 0.000232507
internal_weight=14430 754 485 77 408 388 13676 1452 973 925 119 479 458 806
internal_count=14430 754 485 77 408 388 13676 1452 973 925 119 479 458 806
is_linear=0
shrinkage=0.02


Tree=33
num_leaves=15
num_cat=0
split_feature=0 4 1 2 4 2 1 5 0 5 4 2 1 1
split_gain=0.0487064 0.0266717 0.0306901 0.0351447 0.0229904 0.0227374 0.0471025 0.0347303 0.0205401 0.0201226 0.020112 0.0302129 0.0200659 0.0367788
threshold=-0.075093258235787594 -0.0074706737886572885 -0.15474756482899746 0.037473196045959771 -0.056364694888447579 0.020486413163585345 -0.16963002616371894 -0.58278282065856224 -0.017488116926775373 0.39860363885709454 0.00075789345484678094 0.024463481205648618 0.16852926141159622 0.42199305896742728
decision_type=2 2 2 2 2 2 2 2 2 2 2 2 2 2
left_child=1 2 9 4 -4 -2 -7 8 10 -1 -8 -12 -9 -14
right_child=5 -3 3 -5 -6 6 7 12 -10 -11 11 -13 13 -15
leaf_value=0.00035929026155202999 -1.7459916502792109e-05 -3.3260463150563065e-06 -0.00024432635466967308 0.00097226568630763468 0.00019397666873019969 -0.00085232133215123963 2.9952965172318123e-05 5.9615317193314059e-05 2.6623169995016526e-06 0.0010415919278083103 -0.0011513153062498367 -0.00016175616780916849 0.00037270449515846042 7.7001114444034862e-07
leaf_weight=50 12224 269 55 20 333 21 35 483 395 27 21 29 305 163
leaf_count=50 12224 269 55 20 333 21 35 483 395 27 21 29 305 163
internal_value=6.19458e-08 0.000156442 0.00024488 0.000174874 0.000131378 -8.57059e-06 6.62268e-05 8.02923e-05 -5.8314e-05 0.000608825 -0.000338411 -0.000591797 0.000150239 0.000243441
internal_weight=14430 754 485 408 388 13676 1452 1431 480 77 85 50 951 468
internal_count=14430 754 485 408 388 13676 1452 1431 480 77 85 50 951 468
is_linear=0
shrinkage=0.02


end of trees

feature_importances:
momentum_60d=124
volatility_20d=120
sma_ratio_20_50=80
momentum_20d=68
rsi_14=50
volume_zscore_20d=34

parameters:
[boosting: gbdt]
[objective: regression]
[metric: rmse,l2]
[tree_learner: serial]
[device_type: gpu]
[data_sample_strategy: bagging]
[data: ]
[valid: ]
[num_iterations: 500]
[learning_rate: 0.02]
[num_leaves: 15]
[num_threads: 1]
[seed: 42]
[deterministic: 0]
[force_col_wise: 1]
[force_row_wise: 0]
[histogram_pool_size: -1]
[max_depth: -1]
[min_data_in_leaf: 20]
[min_sum_hessian_in_leaf: 0.001]
[bagging_fraction: 0.8]
[pos_bagging_fraction: 1]
[neg_bagging_fraction: 1]
[bagging_freq: 0]
[bagging_seed: 400]
[bagging_by_query: 0]
[feature_fraction: 0.8]
[feature_fraction_bynode: 1]
[feature_fraction_seed: 30056]
[extra_trees: 0]
[extra_seed: 12879]
[early_stopping_round: 0]
[early_stopping_min_delta: 0]
[first_metric_only: 0]
[max_delta_step: 0]
[lambda_l1: 0]
[lambda_l2: 1]
[linear_lambda: 0]
[min_gain_to_split: 0]
[drop_rate: 0.1]
[max_drop: 50]
[skip_drop: 0.5]
[xgboost_dart_mode: 0]
[uniform_drop: 0]
[drop_seed: 17869]
[top_rate: 0.2]
[other_rate: 0.1]
[min_data_per_group: 100]
[max_cat_threshold: 32]
[cat_l2: 10]
[cat_smooth: 10]
[max_cat_to_onehot: 4]
[top_k: 20]
[monotone_constraints: ]
[monotone_constraints_method: basic]
[monotone_penalty: 0]
[feature_contri: ]
[forcedsplits_filename: ]
[refit_decay_rate: 0.9]
[cegb_tradeoff: 1]
[cegb_penalty_split: 0]
[cegb_penalty_feature_lazy: ]
[cegb_penalty_feature_coupled: ]
[path_smooth: 0]
[interaction_constraints: ]
[verbosity: 1]
[saved_feature_importance_type: 0]
[use_quantized_grad: 0]
[num_grad_quant_bins: 4]
[quant_train_renew_leaf: 0]
[stochastic_rounding: 1]
[linear_tree: 0]
[max_bin: 255]
[max_bin_by_feature: ]
[min_data_in_bin: 3]
[bin_construct_sample_cnt: 200000]
[data_random_seed: 175]
[is_enable_sparse: 1]
[enable_bundle: 1]
[use_missing: 1]
[zero_as_missing: 0]
[feature_pre_filter: 1]
[pre_partition: 0]
[two_round: 0]
[header: 0]
[label_column: ]
[weight_column: ]
[group_column: ]
[ignore_column: ]
[categorical_feature: ]
[forcedbins_filename: ]
[precise_float_parser: 0]
[parser_config_file: ]
[objective_seed: 16083]
[num_class: 1]
[is_unbalance: 0]
[scale_pos_weight: 1]
[sigmoid: 1]
[boost_from_average: 1]
[reg_sqrt: 0]
[alpha: 0.9]
[fair_c: 1]
[poisson_max_delta_step: 0.7]
[tweedie_variance_power: 1.5]
[lambdarank_truncation_level: 30]
[lambdarank_norm: 1]
[label_gain: ]
[lambdarank_position_bias_regularization: 0]
[eval_at: ]
[multi_error_top_k: 1]
[auc_mu_weights: ]
[num_machines: 1]
[local_listen_port: 12400]
[time_out: 120]
[machine_list_filename: ]
[machines: ]
[gpu_platform_id: -1]
[gpu_device_id: -1]
[gpu_device_id_list: ]
[gpu_use_dp: 0]
[num_gpu: 1]

end of parameters

pandas_categorical:[]
