tree
version=v4
num_class=1
num_tree_per_iteration=1
label_index=0
max_feature_idx=5
objective=regression
feature_names=momentum_20d momentum_60d volatility_20d rsi_14 sma_ratio_20_50 volume_zscore_20d
feature_infos=[-0.29907436395059761:0.60088934495834301] [-0.35897435897435892:0.96072596619901462] [0.0032708918445692428:0.068895100489795066] [15.827832379761219:89.066380128431675] [-0.1319665818880521:0.22495898100380951] [-3.1978879071841257:4.1870233893079734]
tree_sizes=1496 1533 1537 1515 1536 1536 1534 1545 1499 1536 1523 1552 1523 1526 1521 1521 1515 1534 1527 1514 1500 1522 1525 1518 1530 1519 1525 1522 1523 1515 1523 1522 1531 1528

Tree=0
num_leaves=15
num_cat=0
split_feature=0 0 2 4 2 4 5 2 2 2 3 0 2 2
split_gain=0.141788 0.0686517 0.0417911 0.0333612 0.0483602 0.0283259 0.0255556 0.0238722 0.0386986 0.0330201 0.0264196 0.0219864 0.0315545 0.0722377
threshold=-0.080603599561547876 0.18948319627922075 0.010463044771575785 -0.007470680831651976 0.037473196045959771 0.03346884698007347 0.39860363885709454 0.039901413461012149 0.03269489221966123 0.030420256704137963 71.87496718361318 0.0017837251570578252 0.020694876506155847 0.027834216109052526
decision_type=2 2 2 2 2 2 2 2 2 2 2 2 2 2
left_child=3 2 -2 4 6 -3 -1 8 9 -7 -9 -4 -13 -14
right_child=1 5 11 -5 -6 7 -8 10 -10 -11 -12 12 13 -15
leaf_value=0.0051112223839215529 0.0047994314475324415 0.005657595848872236 0.0049176318315518591 0.0049504135795725339 0.0061941343812649003 0.0049282488558869625 0.0054798053901523296 0.0056547769004501314 0.0043189535615197772 0.0057393307146328103 0.004935749709871852 0.0048252218567916968 0.0051059668609202292 0.0047178835717312014
leaf_weight=299 5711 38 2635 218 20 103 101 47 32 24 36 4349 511 306
leaf_count=299 5711 38 2635 218 20 103 101 47 32 24 36 4349 511 306
internal_value=0.00486046 0.00484697 0.00484053 0.00515171 0.00525573 0.00515638 0.0052056 0.00507472 0.00493016 0.00508719 0.00534752 0.00487063 0.00484665 0.00496062
internal_weight=14430 13792 13512 638 420 280 400 242 159 127 83 7801 5166 817
internal_count=14430 13792 13512 638 420 280 400 242 159 127 83 7801 5166 817
is_linear=0
shrinkage=1


Tree=1
num_leaves=15
num_cat=0
split_feature=0 0 2 4 2 2 2 2 4 5 3 5 0 4
split_gain=0.136235 0.0659959 0.0401541 0.0320608 0.0465635 0.027331 0.0255087 0.0580544 0.0486957 0.024558 0.0223053 0.0204693 0.0206106 0.036067
threshold=-0.080603599561547876 0.18948319627922075 0.010115742464436963 -0.007470680831651976 0.037473196045959771 0.01966420038535761 0.03269489221966123 0.039901413461012149 0.0347339420989995 0.39860363885709454 71.87496718361318 -0.63878048541571208 -0.015272806593861208 -0.0041430702604547944
decision_type=2 2 2 2 2 2 2 2 2 2 2 2 2 2
left_child=3 2 -2 4 9 -3 8 -8 -7 -1 -9 -4 -13 -14
right_child=1 5 11 -5 -6 6 7 10 -10 -11 -12 12 13 -15
leaf_value=0.00024576286346127742 -6.2331815477985808e-05 -0.00030617424395001892 -4.2201094634626231e-05 8.8161667341102746e-05 0.0013082701198401906 0.0013945016846992075 -0.0004469666491414225 0.00071000142093255838 0.00036666394677013162 0.00060707892085523716 6.8083944191273891e-05 9.3412105742706074e-05 -9.971344262722403e-05 3.7201272692742212e-05
leaf_weight=299 5316 27 2310 218 20 22 42 52 100 101 37 1452 990 3444
leaf_count=299 5316 27 2310 218 20 22 42 52 100 101 37 1452 990 3444
internal_value=6.13709e-09 -1.322e-05 -1.95275e-05 0.000285496 0.000387469 0.000290147 0.000354741 0.000159073 0.000561842 0.000338282 0.000446859 8.24002e-06 2.80398e-05 6.61609e-06
internal_weight=14430 13792 13512 638 420 280 253 131 122 400 89 8196 5886 4434
internal_count=14430 13792 13512 638 420 280 253 131 122 400 89 8196 5886 4434
is_linear=0
shrinkage=0.02


Tree=2
num_leaves=15
num_cat=0
split_feature=0 0 1 1 2 2 1 1 2 1 2 1 5 3
split_gain=0.130901 0.0634356 0.0542573 0.0416983 0.0469311 0.0407929 0.0395414 0.0290223 0.0327612 0.0241747 0.0282883 0.0428296 0.0586987 0.0491557
threshold=-0.080603599561547876 0.18948319627922075 0.29585173604970832 0.45717051619895671 0.010463044771575785 0.025003872169356654 -0.15474757109938961 0.72741402736645622 0.01966420038535761 -0.16962996726946758 0.020694876506155847 0.16852909236643557 -0.81112603609612954 54.736953696434881
decision_type=2 2 2 2 2 2 2 2 2 2 2 2 2 2
left_child=2 3 5 4 -2 6 -1 8 -3 -6 -11 -12 13 -13
right_child=1 7 -4 -5 9 -7 -8 -9 -10 10 11 12 -14 -15
leaf_value=0.00082937626375092404 -5.8671289593411434e-05 -0.00030026952278733787 -0.00072216103651693881 -0.00034111299511021788 -0.00042123097628355029 0.00053943465600646506 0.00013453333026027295 -0.0003422326291048968 0.00042800146066216066 4.5728428271381461e-06 2.4551726793330433e-05 -0.001040501361823685 0.00041855721995492299 0.00012125539966897728
leaf_weight=35 5711 27 20 158 49 210 373 26 227 6550 689 20 288 47
leaf_count=35 5711 27 20 158 49 210 373 26 227 6550 689 20 288 47
internal_value=1.15084e-08 -1.29531e-05 0.000279857 -1.9137e-05 -1.53023e-05 0.000313399 0.000196022 0.000284472 0.000349713 1.71074e-05 1.99908e-05 0.000116625 0.000294755 -0.000235739
internal_weight=14430 13792 638 13512 13354 618 408 280 254 7643 7594 1044 355 67
internal_count=14430 13792 638 13512 13354 618 408 280 254 7643 7594 1044 355 67
is_linear=0
shrinkage=0.02


Tree=3
num_leaves=15
num_cat=0
split_feature=2 1 3 2 2 4 2 3 3 5 1 3 3 5
split_gain=0.0842057 0.046592 0.0965125 0.0547891 0.0497531 0.0439949 0.0415941 0.0519709 0.0401491 0.0385238 0.0751064 0.0380939 0.0369097 0.0521502
threshold=0.020486401674363088 0.4219932854713116 60.53858244472223 0.05308275855690657 0.039901413461012149 0.093897310948291804 0.010463044771575785 40.16993142190109 71.87496718361318 0.70423620722491698 0.2059577922246211 65.152360768452652 41.262934413004821 -1.1304197743852611
decision_type=2 2 2 2 2 2 2 2 2 2 2 2 2 2
left_child=6 3 5 9 -4 -3 -1 -8 -6 12 11 -11 13 -2
right_child=1 2 4 -5 8 -7 7 -9 -10 10 -12 -13 -14 -15
leaf_value=-5.7848229845138296e-05 0.0012729118324138903 -0.0010570525022302853 -0.00011110461799752548 0.0010490222913878305 0.00098003690153723819 -0.00020381302644427007 0.00017087521174685168 -4.3765031338609427e-06 4.898695062313761e-05 7.4526393892956972e-05 0.00097226756741292781 0.00092631504851548626 5.9055634275344869e-05 0.00024104280730835091
leaf_weight=5757 21 46 108 27 40 51 760 6121 34 170 63 23 1021 188
leaf_count=5757 21 46 108 27 40 51 760 6121 34 170 63 23 1021 188
internal_value=1.02707e-08 0.000128274 -0.000108907 0.000172054 0.000162763 -0.000615099 -1.81855e-05 1.50019e-05 0.000558614 0.000155425 0.000378213 0.000180286 0.000108786 0.000350291
internal_weight=14430 1792 279 1513 182 97 12638 6881 74 1486 256 193 1230 209
internal_count=14430 1792 279 1513 182 97 12638 6881 74 1486 256 193 1230 209
is_linear=0
shrinkage=0.02


Tree=4
num_leaves=15
num_cat=0
split_feature=0 0 1 2 4 2 1 4 2 2 1 4 0 0
split_gain=0.123379 0.0579009 0.0549367 0.0444105 0.042867 0.0480408 0.0389238 0.0514548 0.046345 0.0456704 0.0375973 0.0359207 0.0301524 0.0296841
threshold=-0.096278074671039146 0.18948319627922075 0.27150678665023281 0.05308275855690657 0.024754862156396221 0.037473196045959771 0.45717051619895671 0.088818834594757048 0.010463044771575785 0.044399306023773052 -0.16962996726946758 -0.056364687344138568 0.052481799307230188 -0.015272806593861208
decision_type=2 2 2 2 2 2 2 2 2 2 2 2 2 2
left_child=2 3 4 6 5 10 8 12 -2 13 11 -1 -8 -10
right_child=1 -3 -4 -5 -6 -7 7 -9 9 -11 -12 -13 -14 -15
leaf_value=0.0013492549955844879 -5.6761951993315499e-05 0.00027425630647834933 -0.00063225261464884336 0.00088212248953905973 0.0012797665560529345 0.0012543453547087583 -0.0012728171647879585 -7.317022394354099e-05 8.8015982776461357e-05 -0.0006829372451112077 0.00019471980523767658 0.00031235012141141025 -0.00029835854098200798 -1.4565415453029792e-06
leaf_weight=23 5731 280 21 21 20 21 28 106 1991 36 289 32 24 5807
leaf_count=23 5731 280 21 21 20 21 28 106 1991 36 289 32 24 5807
internal_value=1.6108e-08 -9.9456e-06 0.000343291 -1.5755e-05 0.000398003 0.000346322 -1.71932e-05 -0.000328301 -1.35456e-05 1.80727e-05 0.000287416 0.000762316 -0.000837182 2.13961e-05
internal_weight=14430 14024 406 13744 385 365 13723 158 13565 7834 344 55 52 7798
internal_count=14430 14024 406 13744 385 365 13723 158 13565 7834 344 55 52 7798
is_linear=0
shrinkage=0.02


Tree=5
num_leaves=15
num_cat=0
split_feature=0 0 1 2 4 2 1 4 2 2 1 4 0 0
split_gain=0.118621 0.0556165 0.0528452 0.0427298 0.0412643 0.0462394 0.0374323 0.0494937 0.0445081 0.0439088 0.036184 0.0345621 0.028997 0.0285092
threshold=-0.096278074671039146 0.18948319627922075 0.27150678665023281 0.05308275855690657 0.024754862156396221 0.037473196045959771 0.45717051619895671 0.088818834594757048 0.010463044771575785 0.044399306023773052 -0.16962996726946758 -0.056364687344138568 0.052481799307230188 -0.015272806593861208
decision_type=2 2 2 2 2 2 2 2 2 2 2 2 2 2
left_child=2 3 4 6 5 10 8 12 -2 13 11 -1 -8 -10
right_child=1 -3 -4 -5 -6 -7 7 -9 9 -11 -12 -13 -14 -15
leaf_value=0.0013233942414323488 -5.5626907586762389e-05 0.0002687907271962149 -0.0006201823591254652 0.00086528182029724124 0.0012553900826190198 0.0012303987551819193 -0.0012482386348961756 -7.1720498326782872e-05 8.6256549347670796e-05 -0.00066964773310197376 0.00019083883794795338 0.00030629247426986692 -0.00029263005740940573 -1.4274131146932442e-06
leaf_weight=23 5731 280 21 21 20 21 28 106 1991 36 289 32 24 5807
leaf_count=23 5731 280 21 21 20 21 28 106 1991 36 289 32 24 5807
internal_value=1.94157e-08 -9.74832e-06 0.00033661 -1.5442e-05 0.00039027 0.000339566 -1.68527e-05 -0.000321942 -1.32757e-05 1.77097e-05 0.000281775 0.000747663 -0.000821032 2.09684e-05
internal_weight=14430 14024 406 13744 385 365 13723 158 13565 7834 344 55 52 7798
internal_count=14430 14024 406 13744 385 365 13723 158 13565 7834 344 55 52 7798
is_linear=0
shrinkage=0.02


Tree=6
num_leaves=15
num_cat=0
split_feature=0 0 1 2 1 1 4 2 4 0 1 2 1 2
split_gain=0.11442 0.0544408 0.048039 0.0360337 0.0369033 0.0356903 0.0476074 0.0397298 0.0281107 0.0278858 0.027849 0.0310158 0.0236185 0.0255638
threshold=-0.080603599561547876 0.18948319627922075 0.29585173604970832 0.025003872169356654 -0.15474757109938961 0.45717051619895671 0.088818834594757048 0.010662966596009122 0.020893297108651957 0.052481799307230188 0.72741402736645622 0.01966420038535761 -0.16962996726946758 0.020694876506155847
decision_type=2 2 2 2 2 2 2 2 2 2 2 2 2 2
left_child=2 5 3 4 -1 7 9 -2 -5 -7 11 -3 -9 -14
right_child=1 10 -4 8 -6 6 -8 12 -10 -11 -12 -13 13 -15
leaf_value=0.0007947368837065167 -5.2862135058309964e-05 -0.00030479102890240028 -0.00068116951911222372 0.00042605053578596077 0.00012352741358273808 -0.001224134869488149 -7.0299490172172273e-05 -0.00041666294485330583 0.0012056428510030467 -0.00028701154664158822 -0.00035019227751979126 0.000403571510641517 4.3637540142123968e-06 0.0001111391919529128
leaf_weight=35 5932 27 20 190 373 28 106 49 20 24 26 227 6329 1044
leaf_count=35 5932 27 20 190 373 28 106 49 20 24 26 227 6329 1044
internal_value=2.25844e-08 -1.20984e-05 0.000261658 0.000293221 0.000182909 -1.78272e-05 -0.000315706 -1.42794e-05 0.000505659 -0.000805192 0.000263434 0.000327373 1.65607e-05 1.94959e-05
internal_weight=14430 13792 638 618 408 13512 158 13354 210 52 280 254 7422 7373
internal_count=14430 13792 638 618 408 13512 158 13354 210 52 280 254 7422 7373
is_linear=0
shrinkage=0.02


Tree=7
num_leaves=15
num_cat=0
split_feature=0 0 1 2 2 1 2 2 1 3 0 1 2 3
split_gain=0.109966 0.0513071 0.0493815 0.0408298 0.0363315 0.0346095 0.0410622 0.0425026 0.0272389 0.0275226 0.0272069 0.0423598 0.048278 0.0334568
threshold=-0.096278074671039146 0.18948319627922075 0.27150678665023281 0.05308275855690657 0.037473196045959771 0.45717051619895671 0.010463044771575785 0.044399306023773052 -0.16962996726946758 31.204972245893945 -0.015272806593861208 -0.16962996726946758 0.020694876506155847 54.313012102859069
decision_type=2 2 2 2 2 2 2 2 2 2 2 2 2 2
left_child=2 3 4 5 8 6 -2 10 9 -1 -8 -12 -13 -14
right_child=1 -3 -4 -5 -6 -7 7 -9 -10 -11 11 12 13 -15
leaf_value=0.0011836620979011059 -5.3469816165942155e-05 0.00025814746357367984 -0.00060078204969282853 0.00084606861526315862 0.0010235645761713385 -0.00030959076195392969 8.3956339379705227e-05 -0.00065928997220219795 0.00023972094402027627 0.00028322303978105387 -0.00085830796671950305 -2.0842376849953456e-05 -7.0054199071926319e-05 0.00022921804385094029
leaf_weight=26 5731 280 21 21 31 158 1991 36 299 29 22 5021 203 561
leaf_count=26 5731 280 21 21 31 158 1991 36 299 29 22 5021 203 561
internal_value=2.16912e-08 -9.38294e-06 0.0003241 -1.48516e-05 0.000375974 -1.62306e-05 -1.27911e-05 1.69707e-05 0.00031654 0.000722421 2.01768e-05 -1.70145e-06 1.70395e-06 0.000149712
internal_weight=14430 14024 406 13744 385 13723 13565 7834 354 55 7798 5807 5785 764
internal_count=14430 14024 406 13744 385 13723 13565 7834 354 55 7798 5807 5785 764
is_linear=0
shrinkage=0.02


Tree=8
num_leaves=15
num_cat=0
split_feature=2 1 3 1 5 2 3 4 3 4 4 2 3 5
split_gain=0.070569 0.0401486 0.0826735 0.0509905 0.0631808 0.0454337 0.0416663 0.046724 0.0387152 0.038453 0.0377345 0.0372251 0.0360744 0.050708
threshold=0.020486401674363088 0.4219932854713116 60.53858244472223 0.20249081591170384 0.72466914902675239 0.039901413461012149 49.082416831775966 0.013501711960933417 71.87496718361318 -0.0011316958069943481 0.093897310948291804 0.026319428544588103 41.262934413004821 -1.1304197743852611
decision_type=2 2 2 2 2 2 2 2 2 2 2 2 2 2
left_child=-1 3 10 12 6 11 -5 9 -7 -8 -3 -4 13 -2
right_child=1 2 5 4 -6 8 7 -9 -10 -11 -12 -13 -14 -15
leaf_value=-1.6633969275324955e-05 0.0012093026411126961 -0.00098052812924737391 0.00030641453560140993 -0.00038244093109632992 0.00091599656179930801 0.00094082416023877336 0.0004107620851958499 0.0001868119445427863 2.7212660094457013e-05 0.0015241542530600868 -0.000190278530980532 -0.00043577047004815072 2.8180253956196358e-05 0.00020918752488743294
leaf_weight=12638 21 46 47 37 67 40 33 200 34 20 51 61 863 272
leaf_count=12638 21 46 47 37 67 40 33 200 34 20 51 61 863 272
internal_value=2.34407e-08 0.000117443 -0.000102725 0.000158083 0.000366697 0.000148723 0.000237078 0.000328828 0.000527016 0.000851355 -0.000571217 -0.000112935 9.33972e-05 0.000284738
internal_weight=14430 1792 279 1513 357 182 290 253 74 53 97 108 1156 293
internal_count=14430 1792 279 1513 357 182 290 253 74 53 97 108 1156 293
is_linear=0
shrinkage=0.02


Tree=9
num_leaves=15
num_cat=0
split_feature=0 0 2 4 2 4 5 2 2 2 3 5 0 4
split_gain=0.104757 0.0486863 0.0301032 0.0292206 0.0415414 0.0253341 0.0231057 0.0203472 0.0355609 0.0308706 0.0225731 0.0187877 0.0176571 0.0348262
threshold=-0.080603599561547876 0.18948319627922075 0.010115742464436963 -0.007470680831651976 0.037473196045959771 0.03346884698007347 0.39860363885709454 0.039901413461012149 0.03269489221966123 0.030420256704137963 71.87496718361318 -0.63878048541571208 -0.015272806593861208 -0.018645488183877953
decision_type=2 2 2 2 2 2 2 2 2 2 2 2 2 2
left_child=3 2 -2 4 6 -3 -1 8 9 -7 -9 -4 -13 -14
right_child=1 5 11 -5 -6 7 -8 10 -10 -11 -12 12 13 -15
leaf_value=0.00021171766426414254 -5.4049252097616854e-05 0.00072273436503914686 -4.1269526885741214e-05 6.2108950213142174e-05 0.001217143384828454 3.5973626654595141e-05 0.0005618719262637052 0.00070771421790899089 -0.00054700870377322045 0.00081982788033783439 4.3910715880023465e-05 8.653174920413958e-05 -0.0001554401803315625 2.5622175937571982e-05
leaf_weight=299 5316 38 2310 218 20 103 101 47 32 24 36 1452 475 3959
leaf_count=299 5316 38 2310 218 20 103 101 47 32 24 36 1452 475 3959
internal_value=2.81731e-08 -1.15697e-05 -1.69873e-05 0.000250373 0.000347711 0.000248994 0.000301312 0.000171937 3.86604e-05 0.000189351 0.00042375 7.05515e-06 2.60243e-05 6.19488e-06
internal_weight=14430 13792 13512 638 420 280 400 242 159 127 83 8196 5886 4434
internal_count=14430 13792 13512 638 420 280 400 242 159 127 83 8196 5886 4434
is_linear=0
shrinkage=0.02


Tree=10
num_leaves=15
num_cat=0
split_feature=2 1 3 1 5 4 2 4 3 2 2 3 4 5
split_gain=0.0658653 0.0387034 0.0789623 0.0491848 0.0634703 0.0443819 0.0424652 0.0362648 0.0362108 0.0356199 0.0325578 0.0446283 0.026859 0.0232583
threshold=0.020486401674363088 0.4219932854713116 60.53858244472223 0.089652982429251696 -0.46571855664563228 0.042657699326054906 0.039901413461012149 0.093897310948291804 71.87496718361318 0.026319428544588103 0.010463044771575785 40.16993142190109 -0.0083453920548611209 0.72466914902675239
decision_type=2 2 2 2 2 2 2 2 2 2 2 2 2 2
left_child=10 3 7 5 -5 -2 9 -3 -8 -4 -1 12 -12 -6
right_child=1 2 6 4 13 -7 8 -9 -10 -11 11 -13 -14 -15
leaf_value=-5.1150843505548446e-05 8.1474066918725308e-05 -0.00096180830383673309 0.00030029759271807659 4.4690188203406121e-05 0.00034256300651499177 -0.00060979251302062322 0.00090898298107587345 -0.00018708469919287242 2.5442938519907848e-05 -0.00042570602629453906 0.00028151723431193667 -4.6552529987385908e-06 4.355253937351576e-05 0.00068454372440674555
leaf_weight=5757 785 46 47 279 301 38 40 51 34 61 364 6121 396 110
leaf_count=5757 785 46 47 279 301 38 40 51 34 61 364 6121 396 110
internal_value=3.27349e-08 0.000113471 -0.000102693 0.000153374 0.000277788 4.88552e-05 0.000143056 -0.000560545 0.000508784 -0.000109904 -1.606e-05 1.3302e-05 0.000157745 0.00043553
internal_weight=14430 1792 279 1513 690 823 182 97 74 108 12638 6881 760 411
internal_count=14430 1792 279 1513 690 823 182 97 74 108 12638 6881 760 411
is_linear=0
shrinkage=0.02


Tree=11
num_leaves=15
num_cat=0
split_feature=0 1 0 2 1 1 1 2 2 1 2 0 1 2
split_gain=0.0996735 0.04531 0.0445427 0.0381137 0.034728 0.0336453 0.0312377 0.0380393 0.0392982 0.0262657 0.0285789 0.0247538 0.0406766 0.043177
threshold=-0.096278074671039146 0.27150678665023281 0.18948319627922075 0.05308275855690657 0.048589178979426946 -0.0011069251669275635 0.45717051619895671 0.044399306023773052 0.010463044771575785 0.72741402736645622 0.01966420038535761 -0.015272806593861208 -0.16962996726946758 0.020694876506155847
decision_type=2 2 2 2 2 2 2 2 2 2 2 2 2 2
left_child=1 4 3 6 5 -1 7 8 -2 10 -4 -10 -13 -14
right_child=2 -3 9 -5 -6 -7 -8 -9 11 -11 -12 12 13 -15
leaf_value=0.00035634272924419178 -5.00856546766355e-05 -0.00057732832649807359 -0.00030410821919628822 0.00081777552312070677 0.000840427701970419 -0.00025690693777372559 -0.00029405282072301179 -0.0006524846602130581 7.9728626317894432e-05 -0.00035530690793637875 0.00037564379012461325 -0.00084139155304950217 -1.9961097698669092e-05 0.00014133129638217975
leaf_weight=294 5731 21 27 21 51 40 158 36 1991 26 227 22 5021 764
leaf_count=294 5731 21 27 21 51 40 158 36 1991 26 227 22 5021 764
internal_value=3.27344e-08 0.000308572 -8.92097e-06 -1.40164e-05 0.000358265 0.000282352 -1.53487e-05 -1.20811e-05 -1.03289e-05 0.00024035 0.000302477 1.88923e-05 -1.97627e-06 1.36084e-06
internal_weight=14430 406 14024 13744 385 334 13723 13565 13529 280 254 7798 5807 5785
internal_count=14430 406 14024 13744 385 334 13723 13565 13529 280 254 7798 5807 5785
is_linear=0
shrinkage=0.02


Tree=12
num_leaves=15
num_cat=0
split_feature=0 1 0 4 1 4 0 1 1 1 4 1 0 1
split_gain=0.0957384 0.0435704 0.0427722 0.0380313 0.0302957 0.043175 0.0255398 0.0252468 0.0245226 0.0330115 0.0337409 0.0220869 0.0292954 0.0201099
threshold=-0.096278074671039146 0.27150678665023281 0.18948319627922075 0.024754862156396221 0.45717051619895671 0.088818834594757048 0.052481799307230188 0.72741402736645622 0.048589178979426946 -0.16962996726946758 -0.056364687344138568 -0.0063557267964305377 -0.11802665926610199 0.19972735183186399
decision_type=2 2 2 2 2 2 2 2 2 2 2 2 2 2
left_child=1 3 4 8 -2 6 -6 13 9 10 -1 -11 -13 -4
right_child=2 -3 7 -5 5 -7 -8 -9 -10 11 -12 12 -14 -15
leaf_value=0.001256922297179699 -1.0524260492001106e-05 -0.00056630659324582663 -0.00010138661319086718 0.0011812858496393476 -0.0011550974084770884 -5.4631756844921654e-05 -0.00025927065499126915 -0.00034846398565504286 0.00078501202778792688 0.00023335650711036896 0.00025449473749507555 -0.00079847125070435661 0.00021748501588590444 0.00037535292573028325
leaf_weight=23 13586 21 42 20 28 106 24 26 37 229 32 20 24 212
leaf_count=23 13586 21 42 20 28 106 24 26 37 229 32 20 24 212
internal_value=3.10517e-08 0.000302419 -8.74412e-06 0.000351148 -1.37372e-05 -0.000288209 -0.000754332 0.000235523 0.000302558 0.000245914 0.000688651 0.00015453 -0.000251795 0.000296434
internal_weight=14430 406 14024 385 13744 158 52 280 365 328 55 273 44 254
internal_count=14430 406 14024 385 13744 158 52 280 365 328 55 273 44 254
is_linear=0
shrinkage=0.02


Tree=13
num_leaves=15
num_cat=0
split_feature=2 1 3 1 2 4 4 2 4 3 5 5 4 2
split_gain=0.0593281 0.0356097 0.0423042 0.0795744 0.0520561 0.0499849 0.0469222 0.0617893 0.0469641 0.0402475 0.0378332 0.0369469 0.0353132 0.0410076
threshold=0.020486401674363088 0.72741402736645622 54.202700533506658 0.4219932854713116 0.037473196045959771 0.012594812370973043 -0.0014749201521312425 0.044399306023773052 0.054907792458081202 41.047336334767699 -1.0567631679260019 -0.68578563139505833 -0.066172523089830668 0.025003872169356654
decision_type=2 2 2 2 2 2 2 2 2 2 2 2 2 2
left_child=-1 2 3 4 9 -6 7 -4 -8 10 -2 -11 -12 -14
right_child=1 -3 6 -5 5 -7 8 -9 -10 11 12 -13 13 -15
leaf_value=-1.5241390516727571e-05 0.0010173772142401762 -0.00038445347233822473 7.4927530626898035e-05 -0.00068631229259200012 0.00078588513000535636 -0.00027884691977912251 0.00047690001144655978 -0.0010444151271473277 0.00014397015529019492 -0.00039063523444884035 -0.00055213695323025737 1.7253483597891752e-05 -7.8703525278142822e-05 0.00045159897254418954
leaf_weight=12638 20 56 190 58 69 23 319 21 363 128 26 285 106 128
leaf_count=12638 20 56 190 58 69 23 319 21 363 128 26 285 106 128
internal_value=3.18312e-08 0.000107694 0.000123782 2.21113e-05 7.526e-05 0.000519566 0.000219628 -4.08772e-05 0.000300166 1.56121e-05 0.000200328 -0.000109801 0.000133821 0.000212064
internal_weight=14430 1792 1736 843 785 92 893 211 682 693 280 413 260 234
internal_count=14430 1792 1736 843 785 92 893 211 682 693 280 413 260 234
is_linear=0
shrinkage=0.02


Tree=14
num_leaves=15
num_cat=0
split_feature=0 0 2 5 1 1 4 1 1 4 1 1 4 4
split_gain=0.0919629 0.0419701 0.0513566 0.0452913 0.0545315 0.0413014 0.0536358 0.0395431 0.0364631 0.0338122 0.0334423 0.0375025 0.0310391 0.0418296
threshold=-0.075093258235787594 0.14295034681503363 0.013900471900223459 0.72466914902675239 0.4219932854713116 0.45717051619895671 0.088818834594757048 -0.15474757109938961 0.19972735183186399 -0.026066168979174294 0.30849845771749368 0.096722877710833668 -0.019761163047042059 0.012029886042287609
decision_type=2 2 2 2 2 2 2 2 2 2 2 2 2 2
left_child=7 5 -3 8 -5 -2 -7 9 -4 -1 11 -9 -13 -14
right_child=1 2 3 4 -6 6 -8 10 -10 -11 -12 12 13 -15
leaf_value=0.00082115242500667982 -1.5537580665488197e-05 -0.00045487501104362309 -0.00015598303475233865 0.00096002098390712376 -5.4927160116759218e-05 -0.00095201451937819632 -8.5761984703184546e-05 0.00013602854813479646 0.00024998056033225695 -0.00010782491770528612 -0.00058864788516708045 0.0012765030305655228 -0.00034180952546497187 0.00085228426054258038
leaf_weight=68 12988 49 126 61 32 42 86 578 292 20 22 20 20 26
leaf_count=68 12988 49 126 61 32 42 86 578 292 20 22 20 20 26
internal_value=3.05538e-08 -1.18313e-05 0.000157575 0.000217076 0.000613922 -1.90757e-05 -0.000375178 0.00021491 0.000127529 0.000611182 0.000161712 0.000188218 0.000636421 0.000336887
internal_weight=14430 13676 560 511 93 13116 128 754 418 88 666 644 66 46
internal_count=14430 13676 560 511 93 13116 128 754 418 88 666 644 66 46
is_linear=0
shrinkage=0.02


Tree=15
num_leaves=15
num_cat=0
split_feature=2 3 2 3 4 1 4 1 3 2 1 5 5 2
split_gain=0.0563857 0.0549309 0.029868 0.0505749 0.0284681 0.0216085 0.0378464 0.0314705 0.0437038 0.0253127 0.0391688 0.0445467 0.0315276 0.0358706
threshold=0.010662966596009122 40.387568903280744 0.05308275855690657 64.826171829983238 -0.007470680831651976 0.72741402736645622 0.16526969303199004 0.45717051619895671 53.30513509213187 0.020694876506155847 0.11709054771539486 0.72466914902675239 2.5814467756073847 0.026319428544588103
decision_type=2 2 2 2 2 2 2 2 2 2 2 2 2 2
left_child=-1 4 5 -4 -2 6 7 9 -9 -3 -11 -12 13 -13
right_child=1 2 3 -5 -6 -7 -8 8 -10 10 11 12 -14 -15
leaf_value=-4.6925788357155316e-05 0.00027063329862775625 -1.3409458742998949e-06 0.0011681066127493978 -5.3170168539509179e-05 5.844104281046026e-05 -0.00037692973488255555 0.00046710608756705507 -0.00077433796648620047 -4.5378413883297051e-05 -1.2565534174142113e-05 0.00014398909434600607 0.0013992983222539937 -3.4179562194780867e-05 0.00043247669935226441
leaf_weight=5985 539 5914 23 31 477 56 72 47 105 604 492 27 21 37
leaf_count=5985 539 5914 23 31 477 56 72 47 105 604 492 27 21 37
internal_value=3.20738e-08 3.33129e-05 1.44393e-05 0.000478784 0.000171167 1.09749e-05 1.39939e-05 9.42839e-06 -0.000274368 1.55461e-05 0.00010004 0.000217732 0.000637936 0.000855607
internal_weight=14430 8445 7429 54 1016 7375 7319 7247 152 7095 1181 577 85 64
internal_count=14430 8445 7429 54 1016 7375 7319 7247 152 7095 1181 577 85 64
is_linear=0
shrinkage=0.02


Tree=16
num_leaves=15
num_cat=0
split_feature=0 0 2 5 1 1 1 3 1 1 1 3 3 1
split_gain=0.0864206 0.0394698 0.049639 0.0388081 0.0689073 0.0386342 0.0377242 0.0332678 0.0315633 0.0359408 0.0292442 0.0519022 0.0262265 0.0260503
threshold=-0.075093258235787594 0.14295034681503363 0.01966420038535761 0.72466914902675239 0.39085838338652151 0.45717051619895671 -0.15474757109938961 60.53858244472223 0.30849845771749368 0.096722877710833668 0.19972735183186399 64.66526349583971 34.343748316423117 -0.16962996726946758
decision_type=2 2 2 2 2 2 2 2 2 2 2 2 2 2
left_child=6 5 -3 7 -5 13 12 -4 9 -8 -9 -12 -1 -2
right_child=1 2 3 4 -6 -7 8 10 -10 -11 11 -13 -14 -15
leaf_value=0.00088546054276566089 -0.0004801345989108086 -0.00013670004547356132 -0.00039801616494918968 0.0012111918337042119 1.5539801162150173e-05 -0.0003629008559293525 0.00013104688054487907 -0.0001376896397203147 -0.00057258524972459541 0.00062089681903372952 0.0011295350160993015 0.00023263578887044455 0.00018276813023380544 -1.3341131947332654e-05
leaf_weight=51 47 166 35 42 35 128 578 61 22 66 29 192 37 12941
leaf_count=51 47 166 35 42 35 128 578 61 22 66 29 192 37 12941
internal_value=3.50287e-08 -1.14638e-05 0.000152819 0.000274836 0.000674881 -1.84891e-05 0.000208339 0.000175847 0.000156382 0.000182134 0.000248226 0.000354886 0.000595384 -1.50672e-05
internal_weight=14430 13676 560 394 77 13116 754 317 666 644 282 221 88 12988
internal_count=14430 13676 560 394 77 13116 754 317 666 644 282 221 88 12988
is_linear=0
shrinkage=0.02


Tree=17
num_leaves=15
num_cat=0
split_feature=0 1 2 0 1 1 2 2 2 1 3 5 5 0
split_gain=0.0833427 0.0384119 0.0376478 0.0326808 0.0421413 0.0418693 0.0322393 0.032699 0.0311543 0.0276605 0.0325167 0.0287775 0.027324 0.0258203
threshold=-0.096278074671039146 0.27150678665023281 0.010463044771575785 0.14295034681503363 0.45717051619895671 0.19972735183186399 0.05308275855690657 0.044399306023773052 0.037473196045959771 0.72741402736645622 74.252067314835756 0.72466914902675239 0.74349638357211678 -0.015272806593861208
decision_type=2 2 2 2 2 2 2 2 2 2 2 2 2 2
left_child=1 8 -2 4 6 12 7 13 -1 10 11 -7 -5 -4
right_child=2 -3 3 5 -6 9 -8 -9 -10 -11 -12 -13 -14 -15
leaf_value=0.00027297324326027079 -4.7552769633366933e-05 -0.00053347786139718001 7.6962485510891445e-05 -0.00019088823397848175 -0.00034851337396181551 0.0004002794455153938 0.00077915343371304593 -0.00061577881827498931 0.00092733214609324937 -0.00024342142873340182 0.00010956316990973233 0.0010704932515833323 0.00053653600700575535 -6.9314681965989428e-06
leaf_weight=354 5733 21 1991 148 129 168 21 32 31 35 142 30 23 5572
leaf_count=354 5733 21 1991 148 129 168 21 32 31 35 142 30 23 5572
internal_value=3.7528e-08 0.000282171 -8.14988e-06 1.90986e-05 8.54559e-06 0.000168503 1.46384e-05 1.24223e-05 0.000327928 0.000286534 0.000341642 0.000506696 -9.0497e-05 1.51613e-05
internal_weight=14430 406 14024 8291 7745 546 7616 7595 385 375 340 198 171 7563
internal_count=14430 406 14024 8291 7745 546 7616 7595 385 375 340 198 171 7563
is_linear=0
shrinkage=0.02


Tree=18
num_leaves=15
num_cat=0
split_feature=2 3 2 4 4 1 4 1 3 2 2 1 5 4
split_gain=0.0515961 0.0499754 0.0269707 0.0482076 0.0269229 0.020125 0.035273 0.0289167 0.0404594 0.0234467 0.0233529 0.0364511 0.0413182 0.0308651
threshold=0.010662966596009122 40.387568903280744 0.05308275855690657 0.017492005036543693 -0.007470680831651976 0.72741402736645622 0.16526969303199004 0.45717051619895671 53.30513509213187 0.039901413461012149 0.020694876506155847 0.11709054771539486 0.72466914902675239 0.042657699326054906
decision_type=2 2 2 2 2 2 2 2 2 2 2 2 2 2
left_child=-1 4 5 -4 -2 6 7 10 -9 -7 -3 13 -13 -12
right_child=1 2 3 -5 -6 9 -8 8 -10 -11 11 12 -14 -15
leaf_value=-4.4879431968769004e-05 0.00026009238923520403 -1.2684572582146498e-06 0.0011803270697551356 -2.7513694059213296e-05 5.3749002173355933e-05 -0.00072247074916958814 0.00045093100262831338 -0.00074400353683207264 -4.2634802592593187e-05 9.1695900146777817e-05 2.792693041024295e-05 0.00013862428757877791 0.000614335025704011 -0.00051646937098768022
leaf_weight=5985 539 5914 21 33 477 31 72 47 105 25 560 492 85 44
leaf_count=5985 539 5914 21 33 477 31 72 47 105 25 560 492 85 44
internal_value=3.98063e-08 3.18758e-05 1.38736e-05 0.000455122 0.000163365 1.05815e-05 1.34951e-05 9.08748e-06 -0.000262951 -0.000363771 1.49517e-05 9.61087e-05 0.000209645 -1.25192e-05
internal_weight=14430 8445 7429 54 1016 7375 7319 7247 152 56 7095 1181 577 604
internal_count=14430 8445 7429 54 1016 7375 7319 7247 152 56 7095 1181 577 604
is_linear=0
shrinkage=0.02


Tree=19
num_leaves=15
num_cat=0
split_feature=0 1 4 0 1 4 3 1 4 3 5 4 1 1
split_gain=0.0784142 0.0364035 0.0357591 0.0342399 0.0386201 0.0520652 0.0580203 0.0340964 0.0463839 0.0389195 0.0239445 0.0226701 0.0404693 0.0392708
threshold=-0.096278074671039146 0.27150678665023281 0.024754862156396221 0.14295034681503363 0.19972735183186399 0.050247650905526971 73.227459197433021 0.45717051619895671 0.088818834594757048 65.763065649678808 0.88492243419006766 -0.007470680831651976 0.099482500523212739 -0.15474757109938961
decision_type=2 2 2 2 2 2 2 2 2 2 2 2 2 2
left_child=1 2 11 7 10 6 -6 -2 -9 -10 -5 12 13 -1
right_child=3 -3 -4 4 5 -7 -8 8 9 -11 -12 -13 -14 -15
leaf_value=0.00073878420641024917 -1.113621208531454e-05 -0.0005203176219947636 0.0011228567255394798 -0.00017888555181739125 0.001524425396230072 0.00014602903108652018 0.0003223202478451034 -0.00086483586071567104 0.00017065278831313353 -0.00081623347320904332 0.00052489436358552088 3.4237948099249289e-06 0.0012093764632230713 0.00015137570116360106
leaf_weight=59 13335 21 20 160 24 308 47 43 66 20 21 94 20 192
leaf_count=59 13335 21 20 160 24 308 47 43 66 20 21 94 20 192
internal_value=4.00072e-08 0.000273705 0.000318251 -7.90163e-06 0.000145191 0.00025975 0.000744195 -1.42794e-05 -0.000336615 -6.55996e-05 -9.47961e-05 0.000271215 0.000363748 0.000291836
internal_weight=14430 406 385 14024 560 379 71 13464 129 86 181 365 271 251
internal_count=14430 406 385 14024 560 379 71 13464 129 86 181 365 271 251
is_linear=0
shrinkage=0.02


Tree=20
num_leaves=15
num_cat=0
split_feature=0 4 2 0 2 5 3 3 3 3 2 2 5 2
split_gain=0.0761168 0.0345074 0.0365681 0.0342874 0.0466231 0.0384422 0.0417665 0.0303179 0.0292683 0.0283862 0.0241298 0.0526239 0.0230294 0.0221175
threshold=-0.075093258235787594 -0.007470680831651976 0.037473196045959771 0.14295034681503363 0.013900471900223459 0.72466914902675239 81.012315395798041 60.53858244472223 64.66526349583971 66.124634478720651 0.028290885490821833 0.022265772535960883 0.39860363885709454 0.022265772535960883
decision_type=2 2 2 2 2 2 2 2 2 2 2 2 2 2
left_child=1 2 12 -2 -5 7 10 -6 13 -10 11 -7 -1 -9
right_child=3 -3 -4 4 5 6 -8 8 9 -11 -12 -13 -14 -15
leaf_value=0.00017285207098876522 -1.7295365996858823e-05 1.3742098791731728e-05 0.0011143553753693899 -0.00044112377101555465 -0.00040062257190939132 0.00039269128125970777 -0.00021233373067595742 7.933093279245355e-05 -0.00054732131212949751 0.00015417273199376297 0.0003416839686612929 0.0018155897643771909 0.00049121992624481207 0.00092648865090626655
leaf_weight=341 13116 269 20 49 40 22 21 20 24 302 30 20 124 32
leaf_count=341 13116 269 20 49 40 22 21 20 24 302 30 20 124 32
internal_value=4.40873e-08 0.000195536 0.00029613 -1.07475e-05 0.00014237 0.000199074 0.000564682 0.000116577 0.00017222 0.000101013 0.000791116 0.00109673 0.000258622 0.000608303
internal_weight=14430 754 485 13676 560 511 93 418 378 326 72 42 465 52
internal_count=14430 754 485 13676 560 511 93 418 378 326 72 42 465 52
is_linear=0
shrinkage=0.02


Tree=21
num_leaves=15
num_cat=0
split_feature=0 1 4 0 2 1 4 3 1 1 4 4 1 2
split_gain=0.0731347 0.0342845 0.0333036 0.0329613 0.0448458 0.0333867 0.0478072 0.0374433 0.0277892 0.0321287 0.0279783 0.0398518 0.0254058 0.0283541
threshold=-0.075093258235787594 -0.15474757109938961 -0.056364687344138568 0.14295034681503363 0.01966420038535761 0.45717051619895671 0.088818834594757048 65.763065649678808 0.30849845771749368 0.096722877710833668 -0.019761163047042059 0.012029886042287609 -0.16962996726946758 0.025003872169356654
decision_type=2 2 2 2 2 2 2 2 2 2 2 2 2 2
left_child=1 2 -1 5 -5 12 -7 -8 9 -3 -11 -12 13 -2
right_child=3 8 -4 4 -6 6 7 -9 -10 10 11 -13 -14 -15
leaf_value=0.001009667688294461 -4.2735239756958824e-05 0.00011803492667259639 0.00022169416913619407 -0.00013556511682307647 0.0002555796588900723 -0.0008816763394793799 0.00016763140086029004 -0.00080035670749133538 -0.00054179561526879021 0.0011884658286968868 -0.00036398731127736117 0.00080083468515011996 -1.2063970993470351e-05 -0.0010242668965033121
leaf_weight=37 27 578 51 166 394 42 66 20 22 20 20 26 12941 20
leaf_count=37 27 578 51 166 394 42 66 20 22 20 20 26 12941 20
internal_value=4.85895e-08 0.000191673 0.000560623 -1.05295e-05 0.000139598 -1.69495e-05 -0.000337118 -6.40941e-05 0.000142155 0.000166324 0.000581143 0.000297421 -1.37684e-05 -0.000473046
internal_weight=14430 754 88 13676 560 13116 128 86 666 644 66 46 12988 47
internal_count=14430 754 88 13676 560 13116 128 86 666 644 66 46 12988 47
is_linear=0
shrinkage=0.02


Tree=22
num_leaves=15
num_cat=0
split_feature=0 2 0 5 3 2 3 2 4 2 0 4 2 2
split_gain=0.0706087 0.0339845 0.0272475 0.0339886 0.0427185 0.0297871 0.025662 0.0330715 0.0247356 0.0310728 0.0246126 0.0359601 0.0419528 0.108762
threshold=-0.096278074671039146 0.010463044771575785 0.14295034681503363 0.72466914902675239 81.012315395798041 0.05308275855690657 60.53858244472223 0.039901413461012149 0.072816824751634993 0.023097413021409993 0.0017837251570578252 0.0067573473182742658 0.021880406535062163 0.024463448385381066
decision_type=2 2 2 2 2 2 2 2 2 2 2 2 2 2
left_child=-1 -2 5 6 8 10 -4 -8 9 -5 11 -3 -13 -14
right_child=1 2 3 4 -6 -7 7 -9 -10 -11 -12 12 13 -15
leaf_value=0.00025973449907373152 -4.4925289255842275e-05 0.00011025519193382665 -0.00039683844235430401 0.00038725448052652858 -0.00023557529449462893 0.00074364326216957782 4.4900951328406324e-05 0.00051728255736331141 0.00021746168327000406 0.001429830345524741 -2.0568620794233965e-05 1.1768726112950579e-05 -0.0011435901841267625 3.033208593572538e-05
leaf_weight=406 5733 1735 40 21 24 21 337 71 26 27 4882 965 46 96
leaf_count=406 5733 1735 40 21 24 21 337 71 26 27 4882 965 46 96
internal_value=4.75647e-08 -7.48845e-06 1.84004e-05 0.000154822 0.000490272 8.76435e-06 8.05133e-05 0.000128168 0.000725684 0.000990915 6.67036e-06 5.34524e-05 -3.55938e-05 -0.00035529
internal_weight=14430 14024 8291 546 98 7745 448 408 74 48 7724 2842 1107 142
internal_count=14430 14024 8291 546 98 7745 448 408 74 48 7724 2842 1107 142
is_linear=0
shrinkage=0.02


Tree=23
num_leaves=15
num_cat=0
split_feature=2 3 4 2 3 1 4 1 2 1 2 2 1 2
split_gain=0.0461548 0.0438681 0.0239592 0.0233844 0.0471049 0.0196693 0.032321 0.0265203 0.0376611 0.0228268 0.0340049 0.0219334 0.0210485 0.051217
threshold=0.010662966596009122 40.387568903280744 -0.007470680831651976 0.05308275855690657 64.826171829983238 0.72741402736645622 0.16526969303199004 0.45717051619895671 0.029460600008729094 0.56368868593987265 0.03269489221966123 0.039901413461012149 0.12887786396593162 0.01966420038535761
decision_type=2 2 2 2 2 2 2 2 2 2 2 2 2 2
left_child=-1 2 -2 5 -5 6 7 12 -9 10 -8 -7 -3 -14
right_child=1 3 -4 4 -6 11 9 8 -10 -11 -12 -13 13 -15
leaf_value=-4.2435407176562205e-05 0.00024460097880068198 -7.5315077264103045e-06 4.9948076674691305e-05 0.0010895081842318178 -8.810654166154564e-05 -0.00070676609873771674 0.00068366527270812254 2.1426914979449725e-05 -0.00061190094714137636 0.00093809649348258978 -0.00035061135888099672 8.0936872042142435e-05 2.1897005609902631e-06 0.00021860546323042068
leaf_weight=5985 539 5035 477 23 31 31 25 87 65 23 24 25 1431 629
leaf_count=5985 539 5035 477 23 31 31 25 87 65 23 24 25 1431 629
internal_value=4.92584e-08 3.01597e-05 0.000153353 1.32933e-05 0.00042416 1.02279e-05 1.31083e-05 8.88915e-06 -0.000251633 0.00043184 0.0001802 -0.000359862 1.45051e-05 6.83441e-05
internal_weight=14430 8445 1016 7429 54 7375 7319 7247 152 72 49 56 7095 2060
internal_count=14430 8445 1016 7429 54 7375 7319 7247 152 72 49 56 7095 2060
is_linear=0
shrinkage=0.02


Tree=24
num_leaves=15
num_cat=0
split_feature=0 1 2 2 0 1 1 5 2 2 3 2 0 1
split_gain=0.0664119 0.0333547 0.0312866 0.028179 0.0259663 0.04065 0.0344677 0.0319285 0.026987 0.0275126 0.024738 0.0244991 0.0243578 0.0377812
threshold=-0.096278074671039146 0.27150678665023281 0.010463044771575785 0.037473196045959771 0.12916869115514554 0.20249081591170384 0.45717051619895671 1.9493788671000127 0.05308275855690657 0.044399306023773052 79.749841510084693 0.020907895272611925 -0.006123347665015543 -0.12762024746210585
decision_type=2 2 2 2 2 2 2 2 2 2 2 2 2 2
left_child=1 3 -2 -1 6 -6 8 10 9 12 -7 -12 -4 -14
right_child=2 -3 4 -5 5 7 -8 -9 -10 -11 11 -13 13 -15
leaf_value=0.00024236162599753326 -4.3178387989043446e-05 -0.00050797212953594597 6.5007725635631426e-05 0.0008644039370119572 -5.9450275303049477e-05 0.00027200515149161219 -0.00032116016343472498 0.0008537296307357875 0.00071185834028504103 -0.00058424387968355617 0.0001809060899540782 -0.0006171354892905112 -0.00065791299359665978 -7.656306793421184e-06
leaf_weight=354 5733 21 2413 31 266 335 125 32 21 30 35 26 35 4973
leaf_count=354 5733 21 2413 31 266 335 125 32 21 30 35 26 35 4973
internal_value=5.03805e-08 0.000251902 -7.25824e-06 0.000294558 1.75818e-05 0.000134595 6.87608e-06 0.000255051 1.24061e-05 1.03395e-05 0.000204644 -0.00016371 1.28215e-05 -1.23313e-05
internal_weight=14430 406 14024 385 8291 694 7597 428 7472 7451 396 61 7421 5008
internal_count=14430 406 14024 385 8291 694 7597 428 7472 7451 396 61 7421 5008
is_linear=0
shrinkage=0.02


Tree=25
num_leaves=15
num_cat=0
split_feature=2 3 4 2 3 1 4 1 2 1 2 2 1 2
split_gain=0.0426543 0.0409939 0.0228498 0.0215875 0.044729 0.0189603 0.0308961 0.024827 0.0362125 0.021816 0.0327579 0.0211713 0.0199126 0.0487268
threshold=0.010662966596009122 40.387568903280744 -0.0078687341642774671 0.05308275855690657 64.826171829983238 0.72741402736645622 0.16526969303199004 0.45717051619895671 0.029460600008729094 0.56368868593987265 0.03269489221966123 0.039901413461012149 0.12887786396593162 0.01966420038535761
decision_type=2 2 2 2 2 2 2 2 2 2 2 2 2 2
left_child=-1 2 -2 5 -5 6 7 12 -9 10 -8 -7 -3 -14
right_child=1 3 -4 4 -6 11 9 8 -10 -11 -12 -13 13 -15
leaf_value=-4.0791925283825033e-05 0.00023897047520105567 -7.5506939608389197e-06 4.9073719419538979e-05 0.0010558275141132375 -9.1554318205453453e-05 -0.00069443603977560999 0.00067013037176086353 2.4104352447796952e-05 -0.00059689124820358822 0.00091688965757687885 -0.0003449926346540451 7.946388079569889e-05 1.7232112290582217e-06 0.00021281210522329998
leaf_weight=5985 529 5035 487 23 31 31 25 87 65 23 24 25 1431 629
leaf_count=5985 529 5035 487 23 31 31 25 87 65 23 24 25 1431 629
internal_value=4.99167e-08 2.89961e-05 0.000148085 1.26916e-05 0.000407457 9.74625e-06 1.25744e-05 8.44927e-06 -0.000243619 0.000421972 0.000175971 -0.000353612 1.3883e-05 6.6249e-05
internal_weight=14430 8445 1016 7429 54 7375 7319 7247 152 72 49 56 7095 2060
internal_count=14430 8445 1016 7429 54 7375 7319 7247 152 72 49 56 7095 2060
is_linear=0
shrinkage=0.02


Tree=26
num_leaves=15
num_cat=0
split_feature=0 1 4 2 2 1 4 0 1 0 1 4 1 4
split_gain=0.0624741 0.0316681 0.0340515 0.0355897 0.0287974 0.0269084 0.0311954 0.0302515 0.0256643 0.0246542 0.0357534 0.0514202 0.0338732 0.0415459
threshold=-0.096278074671039146 0.27150678665023281 0.024754862156396221 0.037473196045959771 0.010463044771575785 -0.16962996726946758 -0.056364687344138568 -0.14689750508110436 -0.036121204182979254 0.14295034681503363 0.19972735183186399 0.050247650905526971 0.45717051619895671 0.088818834594757048
decision_type=2 2 2 2 2 2 2 2 2 2 2 2 2 2
left_child=1 2 3 5 -2 6 -1 8 -7 12 -11 -12 -6 -14
right_child=4 -3 -4 -5 9 7 -8 -9 -10 10 11 -13 13 -15
leaf_value=0.0011368401534855366 -4.1499272485032812e-05 -0.00049607280525378885 0.0010706901505944276 0.0010209287973967464 1.3090295202551304e-05 1.792317530738988e-06 0.00017624030059034177 0.00023340409531292863 -0.00080642795835790982 -9.2737426504839302e-05 0.00074063269309961879 0.00014226995769194237 -0.00081239753826098013 -5.6075928197509943e-05
leaf_weight=23 5733 21 20 21 7616 55 32 213 21 171 70 305 43 86
leaf_count=23 5733 21 20 21 7616 55 32 213 21 171 70 305 43 86
internal_value=5.09593e-08 0.000244321 0.000285887 0.000240076 -7.03768e-06 0.000189587 0.000591073 0.000111405 -0.000229104 1.67937e-05 0.000146561 0.000255637 7.62777e-06 -0.000312493
internal_weight=14430 406 385 365 14024 344 55 289 76 8291 546 375 7745 129
internal_count=14430 406 385 365 14024 344 55 289 76 8291 546 375 7745 129
is_linear=0
shrinkage=0.02


Tree=27
num_leaves=15
num_cat=0
split_feature=0 1 4 0 5 3 1 1 4 3 1 1 1 4
split_gain=0.0606382 0.0312188 0.0311372 0.0268951 0.0332563 0.0428498 0.0325197 0.029003 0.0429866 0.0359511 0.0247961 0.0245864 0.0291305 0.0266893
threshold=-0.075093258235787594 -0.15474757109938961 -0.056364687344138568 0.14295034681503363 0.72466914902675239 81.012315395798041 0.19972735183186399 0.45717051619895671 0.088818834594757048 65.763065649678808 -0.16962996726946758 0.30849845771749368 0.096722877710833668 -0.019761163047042059
decision_type=2 2 2 2 2 2 2 2 2 2 2 2 2 2
left_child=1 2 -1 7 6 -6 -5 10 -9 -10 -2 12 -3 -14
right_child=3 11 -4 4 5 -7 -8 8 9 -11 -12 -13 13 -15
leaf_value=0.00096065944746920946 -0.0004661460220813751 0.00010408253864174474 0.00019923613621638373 -0.00018026433917723455 0.00069765692679211501 -0.00023703852185496578 0.00017403693531532999 -0.00083015131742455246 0.00017199761619958193 -0.00077647601597986751 -1.0729587613476305e-05 -0.00051596174421517744 0.0011378257792620432 0.00026853107589673488
leaf_weight=37 47 578 51 156 74 26 304 42 66 20 12941 22 20 46
leaf_count=37 47 578 51 156 74 26 304 42 66 20 12941 22 20 46
internal_value=5.30323e-08 0.000174539 0.000526577 -9.579e-06 0.000126032 0.000454695 5.37522e-05 -1.53782e-05 -0.000313788 -5.49673e-05 -1.24134e-05 0.000127304 0.000150045 0.000545005
internal_weight=14430 754 88 13676 560 100 460 13116 128 86 12988 666 644 66
internal_count=14430 754 88 13676 560 100 460 13116 128 86 12988 666 644 66
is_linear=0
shrinkage=0.02


Tree=28
num_leaves=15
num_cat=0
split_feature=0 4 1 3 0 1 0 1 4 1 4 4 1 5
split_gain=0.0582751 0.0304094 0.0357028 0.0419788 0.0258797 0.0475768 0.0259352 0.0237994 0.0236109 0.0212854 0.0311533 0.0199807 0.0310603 0.0148023
threshold=-0.075093258235787594 -0.007470680831651976 -0.15474757109938961 35.176330956843884 0.24406040470374826 0.4219932854713116 0.29281228538101828 -0.16962996726946758 -0.044220676079164294 0.14216325533096755 -0.056364687344138568 0.024754862156396221 0.27913450517833654 -0.55484768189847922
decision_type=2 2 2 2 2 2 2 2 2 2 2 2 2 2
left_child=1 2 3 -1 7 -6 -7 8 -2 10 -4 -3 -13 -9
right_child=4 11 9 -5 5 6 -8 13 -10 -11 -12 12 -14 -15
leaf_value=0.0010661470545032486 -0.00088247850537300117 -8.7151683953612353e-05 -0.00029144554778381628 0.00012629649761532034 0.00070696116539469933 0.00050200894971688583 -0.0001830492825025604 -4.084544042186893e-05 5.213599652051926e-06 0.00079601979899135509 0.00022670463016673701 0.00068924825431572066 -0.0002829399447710741 3.7973801382543687e-06
leaf_weight=43 24 214 53 34 56 29 83 4425 23 21 334 35 20 9036
leaf_count=43 24 214 53 34 56 29 83 4425 23 21 334 35 20 9036
internal_value=5.29378e-08 0.000171106 0.000265538 0.000658088 -9.38955e-06 0.000236573 -2.79532e-06 -1.24659e-05 -0.000457017 0.000190025 0.000155175 4.94764e-07 0.000336986 -1.08799e-05
internal_weight=14430 754 485 77 13676 168 112 13508 47 408 387 269 55 13461
internal_count=14430 754 485 77 13676 168 112 13508 47 408 387 269 55 13461
is_linear=0
shrinkage=0.02


Tree=29
num_leaves=15
num_cat=0
split_feature=0 1 4 2 2 1 4 0 1 0 1 4 3 1
split_gain=0.0561008 0.0289794 0.0320829 0.0338657 0.0274094 0.0243183 0.0291069 0.028939 0.0250916 0.0209211 0.0340344 0.0496632 0.048702 0.0311305
threshold=-0.096278074671039146 0.27150678665023281 0.024754862156396221 0.037473196045959771 0.010115742464436963 -0.16962996726946758 -0.056364687344138568 -0.14689750508110436 -0.036121204182979254 0.14295034681503363 0.19972735183186399 0.050247650905526971 73.227459197433021 0.45717051619895671
decision_type=2 2 2 2 2 2 2 2 2 2 2 2 2 2
left_child=1 2 3 5 -2 6 -1 8 -7 13 -11 12 -12 -6
right_child=4 -3 -4 -5 9 7 -8 -9 -10 10 11 -13 -14 -15
leaf_value=0.00108638529976209 -4.2335560236371272e-05 -0.00047669895882294938 0.0010329923286501851 0.00098848136988553131 1.2141356723428194e-05 -1.3285914818490192e-06 0.00015899976094563802 0.00022264942248290944 -0.00080053658489222549 -9.4886772008349662e-05 0.0014307664276100695 0.00013048118164653644 0.00032401748794190429 -0.00029985488263460305
leaf_weight=23 5336 21 20 21 8007 55 32 213 21 176 24 306 46 129
leaf_count=23 5336 21 20 21 8007 55 32 213 21 176 24 306 46 129
internal_value=5.51433e-08 0.000231531 0.000271296 0.000226851 -6.6622e-06 0.000177626 0.00055929 0.000103313 -0.000229691 1.525e-05 0.000134287 0.000241527 0.000718281 7.15827e-06
internal_weight=14430 406 385 365 14024 344 55 289 76 8688 552 376 70 8136
internal_count=14430 406 385 365 14024 344 55 289 76 8688 552 376 70 8136
is_linear=0
shrinkage=0.02


Tree=30
num_leaves=15
num_cat=0
split_feature=0 4 1 2 2 1 5 4 1 1 5 2 4 5
split_gain=0.054349 0.0291742 0.0333962 0.0381393 0.0253818 0.0509737 0.0368727 0.0247388 0.0213118 0.0400095 0.0341867 0.0479918 0.0376046 0.0211998
threshold=-0.075093258235787594 -0.007470680831651976 -0.15474757109938961 0.037473196045959771 0.020486401674363088 -0.16962996726946758 -0.58278282065856224 -0.056364687344138568 0.16852909236643557 0.4219932854713116 0.72466914902675239 0.026319428544588103 0.013501711960933417 0.39860363885709454
decision_type=2 2 2 2 2 2 2 2 2 2 2 2 2 2
left_child=1 2 13 7 -2 -6 -7 -4 -8 10 12 -12 -10 -1
right_child=4 -3 3 -5 5 6 8 -9 9 -11 11 -13 -14 -15
leaf_value=0.00038090272532666436 -1.8451757964269288e-05 -1.8521828783882989e-06 -0.00025036440896136417 0.0010153965155283611 -0.0008855859799818559 -5.8221432037667032e-05 6.3270438300861313e-05 0.00020431955216709011 0.00088451618626576801 -3.744034868914907e-07 0.0013823243050913637 0.00032431283749120182 0.00016386099482453107 0.0010818450931193572
leaf_weight=50 12224 269 55 20 21 480 483 333 33 163 29 42 201 27
leaf_count=50 12224 269 55 20 21 480 483 333 33 163 29 42 201 27
internal_value=5.91271e-08 0.000165249 0.000257744 0.000184708 -9.05974e-06 6.99675e-05 8.45989e-05 0.000139389 0.00015667 0.000252723 0.000387545 0.000769655 0.000268823 0.000637406
internal_weight=14430 754 485 408 13676 1452 1431 388 951 468 305 71 234 77
internal_count=14430 754 485 408 13676 1452 1431 388 951 468 305 71 234 77
is_linear=0
shrinkage=0.02


Tree=31
num_leaves=15
num_cat=0
split_feature=0 1 2 1 1 0 2 5 1 1 3 2 2 2
split_gain=0.0522769 0.027685 0.026001 0.0241654 0.0278664 0.021315 0.0348618 0.0380411 0.0569447 0.0287059 0.0265275 0.0471977 0.0241648 0.0267168
threshold=-0.096278074671039146 0.27150678665023281 0.010463044771575785 0.048589178979426946 -0.0011069251669275635 0.12916869115514554 0.01966420038535761 0.72466914902675239 0.4219932854713116 0.45717051619895671 60.53858244472223 0.034844544569643941 0.05308275855690657 0.044399306023773052
decision_type=2 2 2 2 2 2 2 2 2 2 2 2 2 2
left_child=1 3 -2 4 -1 9 -7 10 -9 12 11 -8 13 -4
right_child=2 -3 5 -5 -6 6 7 8 -10 -11 -12 -13 -14 -15
leaf_value=0.00026664818554990376 -3.9166153815146578e-05 -0.00046867519056170503 1.2061700731515195e-05 0.00066426472702565108 -0.00029080302755507391 -7.6931706494373135e-05 0.00022123343559602896 0.00098062866392345841 -8.5216688457876447e-05 -0.0002928409678122354 0.00020032949143285872 -0.0010177982704980034 0.00067344020713459363 -0.0005763049207387432
leaf_weight=294 5733 21 7421 51 40 233 29 55 31 125 326 20 21 30
leaf_count=294 5733 21 7421 51 40 233 29 55 31 125 326 20 21 30
internal_value=6.3885e-08 0.000223512 -6.42048e-06 0.000262384 0.000199219 1.62242e-05 0.000122241 0.000222856 0.000599865 6.52464e-06 0.000135029 -0.000294735 1.15713e-05 9.61574e-06
internal_weight=14430 406 14024 385 334 8291 694 461 86 7597 375 49 7472 7451
internal_count=14430 406 14024 385 334 8291 694 461 86 7597 375 49 7472 7451
is_linear=0
shrinkage=0.02


Tree=32
num_leaves=15
num_cat=0
split_feature=0 4 1 3 2 4 2 3 1 4 2 1 4 4
split_gain=0.0506796 0.0277524 0.0319199 0.0402119 0.0365113 0.0239273 0.0236888 0.0512378 0.0445867 0.0401606 0.0494806 0.0339284 0.0342216 0.0253644
threshold=-0.075093258235787594 -0.007470680831651976 -0.15474757109938961 35.176330956843884 0.037473196045959771 -0.056364687344138568 0.020486401674363088 53.552806597120842 0.72741402736645622 -0.027334869565142913 0.044399306023773052 -0.16962996726946758 -0.017586749295683098 0.054907792458081202
decision_type=2 2 2 2 2 2 2 2 2 2 2 2 2 2
left_child=1 2 3 -1 5 -4 -2 11 9 10 -9 -8 -13 -11
right_child=6 -3 4 -5 -6 -7 7 8 -10 13 -12 12 -14 -15
leaf_value=0.0010202716635963455 -1.7816208536092142e-05 -3.3936768218323034e-06 -0.0002492218358176095 0.00010121964477002621 0.0009911446060453142 0.00019792329564601363 -0.00086890957572243431 2.6742349937558174e-05 -0.00043756424772496125 0.00033471467733687285 -0.0010418422874950227 0.0002547646387336919 -0.00015769692446534217 0.00010905791079112879
leaf_weight=43 12224 269 55 34 20 333 21 99 48 440 20 103 355 366
leaf_count=43 12224 269 55 34 20 333 21 99 48 440 20 103 355 366
internal_value=6.28456e-08 0.000159579 0.000249791 0.000620957 0.000178396 0.000134062 -8.74281e-06 6.76034e-05 0.000150912 0.000181889 -0.000160037 -0.000101585 -6.45851e-05 0.000232507
internal_weight=14430 754 485 77 408 388 13676 1452 973 925 119 479 458 806
internal_count=14430 754 485 77 408 388 13676 1452 973 925 119 479 458 806
is_linear=0
shrinkage=0.02


Tree=33
num_leaves=15
num_cat=0
split_feature=0 4 1 2 4 2 1 5 0 5 4 2 1 1
split_gain=0.0487064 0.0266717 0.0306901 0.0351447 0.0229904 0.0227374 0.0471025 0.0347303 0.0205401 0.0201226 0.020112 0.0302129 0.0200659 0.0367788
threshold=-0.075093258235787594 -0.007470680831651976 -0.15474757109938961 0.037473196045959771 -0.056364687344138568 0.020486401674363088 -0.16962996726946758 -0.58278282065856224 -0.017488073816948776 0.39860363885709454 0.00075786788649101499 0.024463448385381066 0.16852909236643557 0.4219932854713116
decision_type=2 2 2 2 2 2 2 2 2 2 2 2 2 2
left_child=1 2 9 4 -4 -2 -7 8 10 -1 -8 -12 -9 -14
right_child=5 -3 3 -5 -6 6 7 12 -10 -11 11 -13 13 -15
leaf_value=0.00035929028784819679 -1.7459916330183776e-05 -3.3260518340048965e-06 -0.00024432637595704626 0.00097226570049921684 0.00019397666293034652 -0.00085232133215123963 2.9952971381135285e-05 5.9615312430869083e-05 2.662317081815516e-06 0.0010415919278083103 -0.0011513152927033264 -0.00016175617774327595 0.00037270449503671888 7.700147788699081e-07
leaf_weight=50 12224 269 55 20 333 21 35 483 395 27 21 29 305 163
leaf_count=50 12224 269 55 20 333 21 35 483 395 27 21 29 305 163
internal_value=6.19457e-08 0.000156442 0.00024488 0.000174874 0.000131378 -8.57059e-06 6.62268e-05 8.02923e-05 -5.8314e-05 0.000608825 -0.000338411 -0.000591797 0.000150239 0.000243441
internal_weight=14430 754 485 408 388 13676 1452 1431 480 77 85 50 951 468
internal_count=14430 754 485 408 388 13676 1452 1431 480 77 85 50 951 468
is_linear=0
shrinkage=0.02


end of trees

feature_importances:
momentum_60d=124
volatility_20d=120
sma_ratio_20_50=80
momentum_20d=68
rsi_14=50
volume_zscore_20d=34

parameters:
[boosting: gbdt]
[objective: regression]
[metric: rmse,l2]
[tree_learner: serial]
[device_type: gpu]
[data_sample_strategy: bagging]
[data: ]
[valid: ]
[num_iterations: 500]
[learning_rate: 0.02]
[num_leaves: 15]
[num_threads: 1]
[seed: 42]
[deterministic: 0]
[force_col_wise: 1]
[force_row_wise: 0]
[histogram_pool_size: -1]
[max_depth: -1]
[min_data_in_leaf: 20]
[min_sum_hessian_in_leaf: 0.001]
[bagging_fraction: 0.8]
[pos_bagging_fraction: 1]
[neg_bagging_fraction: 1]
[bagging_freq: 0]
[bagging_seed: 400]
[bagging_by_query: 0]
[feature_fraction: 0.8]
[feature_fraction_bynode: 1]
[feature_fraction_seed: 30056]
[extra_trees: 0]
[extra_seed: 12879]
[early_stopping_round: 0]
[early_stopping_min_delta: 0]
[first_metric_only: 0]
[max_delta_step: 0]
[lambda_l1: 0]
[lambda_l2: 1]
[linear_lambda: 0]
[min_gain_to_split: 0]
[drop_rate: 0.1]
[max_drop: 50]
[skip_drop: 0.5]
[xgboost_dart_mode: 0]
[uniform_drop: 0]
[drop_seed: 17869]
[top_rate: 0.2]
[other_rate: 0.1]
[min_data_per_group: 100]
[max_cat_threshold: 32]
[cat_l2: 10]
[cat_smooth: 10]
[max_cat_to_onehot: 4]
[top_k: 20]
[monotone_constraints: ]
[monotone_constraints_method: basic]
[monotone_penalty: 0]
[feature_contri: ]
[forcedsplits_filename: ]
[refit_decay_rate: 0.9]
[cegb_tradeoff: 1]
[cegb_penalty_split: 0]
[cegb_penalty_feature_lazy: ]
[cegb_penalty_feature_coupled: ]
[path_smooth: 0]
[interaction_constraints: ]
[verbosity: 1]
[saved_feature_importance_type: 0]
[use_quantized_grad: 0]
[num_grad_quant_bins: 4]
[quant_train_renew_leaf: 0]
[stochastic_rounding: 1]
[linear_tree: 0]
[max_bin: 255]
[max_bin_by_feature: ]
[min_data_in_bin: 3]
[bin_construct_sample_cnt: 200000]
[data_random_seed: 175]
[is_enable_sparse: 1]
[enable_bundle: 1]
[use_missing: 1]
[zero_as_missing: 0]
[feature_pre_filter: 1]
[pre_partition: 0]
[two_round: 0]
[header: 0]
[label_column: ]
[weight_column: ]
[group_column: ]
[ignore_column: ]
[categorical_feature: ]
[forcedbins_filename: ]
[precise_float_parser: 0]
[parser_config_file: ]
[objective_seed: 16083]
[num_class: 1]
[is_unbalance: 0]
[scale_pos_weight: 1]
[sigmoid: 1]
[boost_from_average: 1]
[reg_sqrt: 0]
[alpha: 0.9]
[fair_c: 1]
[poisson_max_delta_step: 0.7]
[tweedie_variance_power: 1.5]
[lambdarank_truncation_level: 30]
[lambdarank_norm: 1]
[label_gain: ]
[lambdarank_position_bias_regularization: 0]
[eval_at: ]
[multi_error_top_k: 1]
[auc_mu_weights: ]
[num_machines: 1]
[local_listen_port: 12400]
[time_out: 120]
[machine_list_filename: ]
[machines: ]
[gpu_platform_id: -1]
[gpu_device_id: -1]
[gpu_device_id_list: ]
[gpu_use_dp: 0]
[num_gpu: 1]

end of parameters

pandas_categorical:[]
